0
 14 15  1  8
  2  6 10  4
  9  7  0 12
  5 13  3 11

1
 14  4  8 13
  2  7 15  0
  5  6 11  1
  9  3 12 10

2
  7  8 10 13
 11 15  5 12
  4 14  3  6
  9  2  1  0

3
  2  7 14 11
 13 12  6  3
  4 15  1  9
  8  0 10  5

4
 10 14  7  0
  5 13  1  6
  4 11 12 15
  9  8  2  3

5
  3 12  4 10
  7  1 14 13
  6 15 11  2
  9  5  8  0

6
  5 14  9  0
  1 13 15 11
 12  2  4 10
  6  3  8  7

7
 10  3 11 13
  6  1  8 12
  7  5 15  2
 14  0  9  4

8
 10  8 14  7
  6  9  0  5
  2 13 12  3
 15  1  4 11

9
 13 11 12 10
 15  3  0  7
  8  4  2  9
 14  1  6  5

10
  4  2  5  8
 13  3  0  6
 12  7 14 11
  9 15 10  1

11
 14  0  7  1
  6  9 13 10
 11 12  8  2
  4  5 15  3

12
  2 13  5 12
 14  1  6  3
  7  9  0 11
 10 15  8  4

13
  0  8  9  3
 11 13 12  1
  6  7  4  2
 15 10 14  5

14
  7  9  8  0
  4 14  2 10
  6  5  3  1
 12 11 15 13

15
  9  1  4 11
  6  3  2  0
  7 14 10 13
  8  5 12 15

16
  4 11  2  8
  7  5  0 15
  3 13  1  6
 14  9 10 12

17
 12  7  1 13
 14  0 10 15
  6  5  9  2
  3  4  8 11

18
  9 13 10  8
  4 11 12  6
  0  2  3 15
  7  1 14  5

19
  5 12  3  9
 11  8  2  0
 10  4 15  7
 13  1  6 14

20
 13  5 12  4
  9  2  1 11
 14  7 15  8
  6  0  3 10

21
  3 13 12 10
  1  9 11  5
  4  6  2  0
 15 14  7  8

22
  4 12 11  7
 10 15  3  2
  6 14  8  5
  9  0  1 13

23
  5  0 10 11
 12 13  2  8
  1  4 15  3
  7 14  9  6

24
 15  0  2 10
  4 12 11  6
  3 13  1  9
  5  7  8 14

25
  0  4 15  5
 13 10  1  6
 11  9  3  2
  8 12  7 14

26
  0 11  7 12
 14  5 13 10
  4 15  9  8
  1  2  3  6

27
  6 13 14  9
 12  7 10  5
  0 15  4  2
  3 11  8  1

28
  4 11  5  9
  8  7  2 14
  1 15 10  0
  6  3 13 12

29
  3 11  7 10
  0 13  2  1
 15  5  6  9
 12  8 14  4

30
 15 11 14  3
  4  2  8  1
 13  5 12  0
 10  9  6  7

31
 15  4 12 13
 10  7  9 11
  2  3  8  6
 14  1  0  5

32
 11 10  4 15
  5 14 13  0
  2  3  9  7
  8 12  1  6

33
  9  3 15  6
  0  1  8 10
  4  7 14 13
  2 12 11  5

34
  2  4  9 13
  0  8  5  3
  7  1 10 11
 12 14 15  6

35
  3  0 12 15
  9 13  2 14
  6  5  7 11
  4  1 10  8

36
  0  3  6  4
  7 12  1  2
 15  9  5 13
 14  8 11 10

37
 12  4  0  2
 15  8  3 10
 13  9 11  6
  5 14  1  7

38
 11  4 12 14
  7  3  2  6
 15  0  8 13
 10  9  5  1

39
 10  3  7 15
  5 11  6  2
  9  0 12  1
  4 14  8 13

40
 10  4  5  7
  3 12  8  0
  1 15  2  6
 11 14  9 13

41
 14 10  9  2
  8  6 15 11
  7  5  1 13
 12  4  3  0

42
  2  5  8  7
  4 15  1  9
  3  6 10 14
 12  0 13 11

43
  3  8 12 13
  2  7 10 11
  5  1 15  0
  4 14  9  6

44
 11  8  1 14
  3 10  0 15
 12  7  5  6
  4  9 13  2

45
  1  7  8  9
  6 14  4  5
 11 15 12  0
  3 13 10  2

46
  0  7 15  2
  9  1 13 14
 11  3 12  6
  4  8  5 10

47
 10 15  5  7
  1  3 11  6
 13  8  0 12
  4  9 14  2

48
 15 11 13 10
  9 14  5  4
  1  0 12  3
  6  2  8  7

49
 14  4  8  0
 10  9  7 15
 13  2  6 12
  1  5  3 11

50
 11  4 14  1
  3 12  7 10
 15  6  8 13
  0  5  9  2

51
  0  9  1 14
  7 13 15  5
  8  6 12 10
 11  2  4  3

52
  3  7  6  9
  4 12 11 14
  5  8  2 15
 13  1 10  0

53
  9  4 15 13
  8  5  0 12
  7 11  6  1
 14 10  3  2

54
  9 14  0  5
 11 12  4  2
 13  6 10  7
  8  3 15  1

55
  0 11  8  9
  5  7 15  1
  6 13 12  2
  4 10  3 14

56
  9  0  2 11
  4  8  3 12
  1  6  5 15
 10 13 14  7

57
  7  3 12  6
  5 15 10 13
  4  0  1  2
 11  8  9 14

58
  8 14 13 15
 11 10  1  7
  2  3  4  6
 12  9  5  0

59
 13 12 15  5
  7  4  9  1
 10  0 11  8
  6  3  2 14

60
 15  2 11  9
  3  6  8 13
  0  4  7 14
  5 12 10  1

61
  4 15  5  2
  0  3  9 11
 10 14  8  6
  1 13 12  7

62
  3 12 11 14
  6  4 10  7
  0  8  1 15
  2  9  5 13

63
  6  0 13  4
  7 10  5 12
 14  3  2 15
 11  8  9  1

64
 12 10  1  5
  0  7 11 14
 13  4  8  3
  9  2 15  6

65
 13  7  5  8
  4 12  0  3
  1  6  9  2
 14 10 11 15

66
 10  0  9  2
  7  6  5 15
  1 13  3  4
 11 14  8 12

67
 15  7 10 12
  0  8  2  6
 13  9  3  5
 11  4 14  1

68
  8  6 10  7
  9  4 12  3
 14 13 15  0
  1 11  2  5

69
  4  7 10  0
  2  1  8  5
 13  9 14 12
 15 11  6  3

70
 10  3 11  7
  5  8  0 15
  1  9 13  6
  4 12 14  2

71
  5  6  8  2
  4  7 10  3
 12  0 14 15
 13  9 11  1

72
 13 15  4  8
  6  7 10 11
  9 12  5  1
  0  3 14  2

73
 13  3 10 14
 11  9 12  0
  4  1 15  5
  8  6  7  2

74
 13 10  7  9
  4  3 14  5
  1  2  0  6
 11  8 15 12

75
 15 10  3  9
  1  0  5  6
  8 14  2 11
  4 13  7 12

76
 14  5 15  3
 11  9  2  7
 10  0  8  1
 12 13  4  6

77
 11 13  3  0
  2 14 15  9
  6  1  7 10
  8  4  5 12

78
 15  5  4  0
 12  9  6  8
  7  1  3 13
 10  2 14 11

79
 14  2 13  8
  4 10  9 11
  7  0 12  1
  5  6 15  3

80
  1  9  8  6
 13  2  3  4
 14 11 10  5
 12 15  7  0

81
 10  0 15  1
  8 14  9  2
  4  6  3 11
  5  7 13 12

82
  5  9  8 12
 11  0 10  7
 14  4  2  6
 13  1  3 15

83
 15  2  9  0
 10 14  8  3
  4  1 13  6
  7  5 11 12

84
  3  7  2 13
  5  6  4 15
  1 12  8  9
 14  0 10 11

85
  3  9 11  6
  0 15  4 10
 12 14  8  1
  5  7  2 13

86
  7  9 12  1
 15  5  0  3
  8 11 14 10
  2  6 13  4

87
 12 14  9  6
  3 10  4  5
  7  1  8  2
 15 11 13  0

88
  4 15 12 11
  8  6  0 14
  3  1  9  7
  2  5 13 10

89
  5  8 11 12
  1 14 10  2
  0  4 15  3
  6  7  9 13

90
 12 15  4 11
  1  9 10  0
 13  5  2  8
 14  7  6  3

91
 15  4 12  3
  5  6  2  9
  0 14 11 13
  8  1 10  7

92
 12  2  0  4
 15 13  9  5
 10 11  1 14
  3  6  7  8

93
  6 13  4 10
  9 14  5  2
  7  8 11  3
 15  0  1 12

94
 14 13  5 10
  1  8 11  6
  7  9 12  4
  2  0 15  3

95
 15  0  5 13
 14  2  9  1
  3 11 12  8
  6  4 10  7

96
  4  2  7 11
 12 14  8 10
  3  1  5  0
  9  6 15 13

97
  2  6 15  5
  1  3  7 12
  4  0 14  9
 13  8 11 10

98
 14 12  2 11
  6  1 10  0
 13  7  4  9
  8 15  3  5

99
 12  1  8 11
 10  2 13  6
  5 15  9 14
  3  7  4  0

100
  1  9 10  8
  0  2 12 13
  4  6 15  7
 11  3 14  5

101
 12  7  0  8
  9  2  5  6
  3 13  4  1
 10 11 14 15

102
  8 13  2  5
 14  1 15  4
  9  3 11 10
  0  6 12  7

103
 12  7 13  5
 15  3  4  8
  1  2  0 10
 11  6  9 14

104
  2 13  4 15
 11 14  6 10
  7 12  8  3
  5  0  9  1

105
 10  3 14  7
 13  6 11  0
  8  9  5 12
  1  4  2 15

106
 14  7  5 12
  6  3  0  1
 11  2  9 15
  8 10  4 13

107
 15 14  4  0
  2 12 11  3
  1  6  5  8
 13 10  7  9

108
  0  6  1 10
 11 15  7  9
  5  4 13 14
  2 12  8  3

109
  6 14  2  0
 10 15  5  1
  7  9  3 12
  8 13 11  4

110
  2  8 15  5
  9 10  1 12
 13  3  4  6
 14 11  0  7

111
 11  8  6  1
 15  9 13 10
  4  2 12  7
 14  5  3  0

112
  7  8  4 11
  0 15  9  1
 10 12  6 13
 14  5  3  2

113
  9 13  3 14
 10  0 12  8
 11  7  6  2
  1 15  5  4

114
  4 13  2  1
 12  6  8 10
  0 15  7 11
  3 14  9  5

115
  3  7  1  2
  5  9 12 10
 13 11  0  8
  4 14 15  6

116
 11  3  1 12
  7 15  4  8
 10  9  2  5
  6 14 13  0

117
 15 12  5  7
 11  2  8  0
 14  4  6  3
  1  9 10 13

118
  3  6  9 13
 11  4 15  0
  5  1  7 10
 12 14  2  8

119
 15  6  0  5
 12 11  2  8
 13  7  9 14
  4 10  3  1

120
  2 13  3 14
  8 12  7 15
  0  6  1  4
  5 11  9 10

121
 13 10  3 11
  9 14 15  4
 12  6  2  1
  8  7  5  0

122
  4  9  8  7
  2  6 13 14
 12  0 11  1
 10  5 15  3

123
 13  4  8  5
  3  1  7 12
 15  2 14  0
 10 11  9  6

124
 14  0  8 11
  1  4 10  6
  5 15  3 12
  7  9  2 13

125
  3  4 15  7
 10  0 11  2
  8  1  5  9
 14  6 13 12

126
  2 12 10 13
  3  1  5  4
  0 15  7 14
 11  9  6  8

127
  6 13  3  4
  5  9  7 15
 10  8 12 11
  2 14  1  0

128
 15  2 10  0
  3  6 12  7
 14  1  9  8
  5 13  4 11

129
 11  5  8 13
  0 12 10 14
  6  2  9  3
 15  1  7  4

130
  5 10  8 12
  4  1  6  0
 11  7  3  9
 15  2 14 13

131
  2  7 12  3
  9  8  6  5
  0 11  4 15
  1 10 13 14

132
  1  8  2  7
 10  9  6  0
 14 15 11  5
  3 12 13  4

133
 15  8  9 12
  3 13 14  2
  7  4  5 10
  6  1  0 11

134
  4  7 10 11
  6 15  8  5
  0 14 12 13
  2  1  9  3

135
  9  3  4  5
  1  7  8 14
  0  2  6 13
 10 11 15 12

136
 14 11  4  9
 13  0  5  6
  3  8  2 10
 12  1 15  7

137
  9  6 15  7
  1 13 14 11
  5 10  2  3
 12  0  4  8

138
  7  9  2 15
 14  8  5 12
  6  4 13  1
  0  3 11 10

139
 13 11 15  7
  6  8 14  1
 10 12  0  3
  4  9  2  5

140
  3  8  0 15
  9  6  1 11
  7 14  2  5
 13 12  4 10

141
 12  4  3  0
 11  5  2 13
  7  6 15 10
  8  9  1 14

142
  9 14  5  4
  2 13  6 12
  8  0  1  3
 10 11 15  7

143
  4  8  5  1
 10  9 13  6
 11 14 12  3
  0  2 15  7

144
 15  6 12 14
 10  4  7  9
  1 11 13  8
  2  3  5  0

145
 11  8  4  0
  3 15  7 13
  2  5 10 14
  6 12  9  1

146
  3  5 15  1
 11 14  2 10
  6 12  9  0
  4  8 13  7

147
 11  3  4 15
 12  1 10 13
  0  7  6  2
  8  9  5 14

148
 15  0 14  1
 10  6  2  4
  7 12  8 11
  5 13  9  3

149
 10 13  0  9
  3  5  1  6
 14  2 15  7
  8  4 11 12

150
  4  3 13  8
  0  5 11  9
 15  6 12  7
  2  1 14 10

151
  8 12  2 13
  4  6  0  1
 14  3 10  5
  7  9 11 15

152
  3  9  5 10
  0 12  2  6
 13 14  4  1
 15  7 11  8

153
  6 13  2 11
  3  1 12  9
 10 14 15  0
  5  8  7  4

154
  5  6 10  4
  8  3  1  7
 14  0 12 13
 11  2  9 15

155
 11  0  2  1
 14  6  4 15
  9  7  8  5
 13  3 12 10

156
 15  8  6 11
 14  5  3  9
  1  0  4  7
 10 12  2 13

157
 11  0  4 14
 15  3 10 13
  1  7  5  9
  2  6 12  8

158
 11  5  3  7
 15 13 14  8
  0  6  9  4
 12  1 10  2

159
  3  8  0  7
 15  5  4  9
 11 13 10  1
 12  6 14  2

160
  8  2  1  0
  5 15 14 12
  9  7 11  6
 13  4 10  3

161
 11  9  3  7
  0  5  8 10
  1 12 13  4
 14  6 15  2

162
 13 12 10 14
 15  8  5  2
  0  3  6  7
 11  1  4  9

163
 10  8 12  6
 15  7 11  9
 14  1  4  0
  5  3 13  2

164
  3  4  5  0
  9  2  6 15
 13  1 14  7
 10 11  8 12

165
 13 11  2  5
  4  3  1 10
  9  7  0  8
 14 15  6 12

166
 12  0  7 10
  8  6  9  3
  4  2 14 11
 13 15  1  5

167
  0  6  4  5
  3  7 13 14
  9 12  2 10
  8 11  1 15

168
  2  4 14 13
 10  7  3  6
  1 15  9 11
  0  5  8 12

169
  0 14  6  2
  3  1 15  7
  4 10 13 11
  5  8  9 12

170
  4  5  1 11
 15  9  6  3
  2  0 10 13
 12 14  7  8

171
  4  7  9  2
 12 15  3  1
 14 11  0  5
 13  8  6 10

172
  5  3  8 11
 15 10  9  1
 14  2  6 12
  7  4 13  0

173
 12  1  8  3
 14  5 11 13
  0  7  9  4
  6 15 10  2

174
  1 11  9 15
 13  4  5  0
  7  8  3 12
 14 10  2  6

175
 12  7  5 15
  4 11  1  3
 10  0 13 14
  2  8  6  9

176
  6 14  9  2
 13  4  8  3
 11 12 15  5
  7  0  1 10

177
  2 10 11  9
  1  4  6  0
 13  8 14  3
  5  7 12 15

178
  8  5 15  3
  2  4 10 13
  9  6 14 12
  7  1  0 11

179
  6 13  3 14
 10  1  4  7
 12  5 11  8
  0 15  9  2

180
  5  2  1 15
  4  8  7  9
 10  6  0 11
 14 13 12  3

181
  6 10  7  5
  2 15  8 12
 13  9 11  3
  4  1  0 14

182
  0  3 10  7
  9  6  1 12
 13  4 15  2
  8  5 11 14

183
  5 10  2  4
 13  8 15  6
 12 14  7  1
  0  3  9 11

184
  4 10  3 11
 15  1 13  8
  0 14  7  6
 12  5  2  9

185
  9  6  2  1
 12  5 14  7
 11 15  3  8
  0 13 10  4

186
  2  4 11 13
  1  7 15 12
 14  0 10  3
  9  5  8  6

187
 10  0 11  7
  6 12  4 14
 13 15  1  9
  8  5  3  2

188
  3 12  2  1
  4  5  7  6
  0 15 14 11
  8 10 13  9

189
  0  5 14  9
  2  8  3  1
 13 15  4 10
  6  7 11 12

190
 10 12  2 14
  0  6  4 13
  9  7  5  3
  8 11 15  1

191
  8 11 14  1
  9  6 15  4
  7 13  3 12
  2  5  0 10

192
  7  6  8 13
  3  0 11  5
  4 15  9  2
 14 12 10  1

193
  7  2 11  0
  5 12  4  1
 13 15  6  8
  3 10 14  9

194
 11  4  7  6
  2  1 14  8
 10 13  3  0
  9 12 15  5

195
 10  2  3  4
 14 11  5  9
  7 15  1 12
 13  6  0  8

196
  9  6 15  2
 11  0  3 12
  8 13 14  1
  7  5  4 10

197
 11  6 13  1
  9  5 10  3
  2 12 15  4
  7  0  8 14

198
  1  2 15  7
  8 11 12  9
  3  4 10  0
  5  6 13 14

199
 14  9  4  1
  6  3  2  5
  8 11 10  0
 12 15 13  7

200
  2 10  9 11
  4 13  8  0
 15 12  5  7
  3  6 14  1

201
  9  0 15 10
  6  8  1 13
  2 11  5  7
  4 14  3 12

202
 12  4  7  8
  6  3 14 11
  5 15  9 10
  0  2 13  1

203
  0  2 14 10
  5  7  6  8
 15  9  3 11
 12  4  1 13

204
  8  2  6  4
  9  1 10 15
  7 11 13 14
  5  3  0 12

205
  3 11  1 14
  2  0  5 10
  4 12 13  7
 15  9  6  8

206
  8 10  3 14
  4 13  2  0
 11  7  9  6
  1 15  5 12

207
  7 14  3 10
  1  5 15  9
 13  8 12 11
  0  6  2  4

208
  2  4  0  7
 15 11 14 12
  8  9  1  5
  6  3 13 10

209
 14  1  8  2
  6 10 11  9
  0  7 15 13
  5 12  3  4

210
 14  1  4  5
  6 15 11  3
  7 10 12 13
  9  2  8  0

211
  6  1  8  2
  7  9 14  0
 15  5 10 12
 13  3 11  4

212
  7  9  3  4
  1 11  8  2
 15 13 14  0
 10  6  5 12

213
  0 11  2  8
 14 12 15  3
 13  4  6 10
  1  7  5  9

214
  4 14  1  5
 11 15 10 12
  7  8  9 13
  6  0  2  3

215
  3  7 12 15
 10  4  9  8
  6 14  1 11
  2  5  0 13

216
  3  7 15 11
 13  5  0  8
  2  1 12  9
 14 10  4  6

217
 13  0  8  9
 12 10 14  4
 11  1  7  5
  6  2 15  3

218
 13  6 14  0
 12  9  4  1
 10  7  3  2
  8 11 15  5

219
 12 13  9  0
 10 14  3 15
  6  7  4  2
  5  8  1 11

220
 10  9 15 14
  1  6  8  4
 13  5  7  2
 12  3  0 11

221
  0  7 11  3
 13  8 12 15
 10  2  1 14
  5  4  6  9

222
  5  9 15  8
 14 10 13  1
  6  2 11 12
  7  4  3  0

223
  0  8  1  5
  9 13 14  3
  4 12 15  7
  6 10 11  2

224
 13  2  4 12
 15  1 14  0
  5 10  9  7
  3  8  6 11

225
  4  0  7  1
  5  3 12  2
 10  6 13  8
  9 11 15 14

226
  5 10 15  2
 13  4 14  3
  8 12 11  6
  1  9  7  0

227
  5  3  6  9
  7 11  8 15
  2 13  4 10
  1 12 14  0

228
 15 10  0 14
  6  8  4  5
  1  3 13 12
 11  9  7  2

229
  6  1  7  4
  2  8 11  3
 14 15  9 10
 13  5  0 12

230
  1  6 10 13
  2 15  5 14
  0 12  3  9
  8  7  4 11

231
  8  2  1 13
  4  3 15  5
 11 12  7  9
 10  6 14  0

232
  8  1 12  4
  3  5 15 13
  9  0  2 10
 14  7 11  6

233
  4  0 14  1
  5 10 11 15
  3 12  6 13
  7  9  8  2

234
 13  5  2 15
 10 11  9  3
  1  6  4  0
 14  8  7 12

235
  2 14  4 12
 11  9 15  8
  0  6  3  7
  5 13  1 10

236
 10  7  0  5
 15  2  1  3
 12 13  6 11
  4  9  8 14

237
 11  9  1 14
  2  6 15  8
  5  4  7 13
 12 10  3  0

238
  4  5  6 10
  0 12  2  1
  3  8 14 15
  7  9 13 11

239
  8 15 12 11
  6 10  4  0
  5  9  1 14
  3 13  7  2

240
  1 14  9  5
 13 15  6  0
  2 12  3  8
  7  4 11 10

241
 14  8  5  0
 11  9 15  2
 12 13  3  7
 10  4  1  6

242
 10  9  8  6
  1  7  5  0
 13  3  2 11
 14  4 12 15

243
  7 12  3  9
  8  4 14  1
  6  0  2 15
 13 10  5 11

244
  1 11 14  2
  3  5  7  8
 10 15  0 12
 13  4  9  6

245
 11  4 13  2
  5 12 10  8
 14  1  9 15
  6  3  7  0

246
  7 11  9 14
  4  8 10  6
  1  5  2 15
 13 12  3  0

247
 13 15 12 10
 14  1 11  9
  8  4  7  0
  5  3  6  2

248
  0  4  2 10
 11 12  5  1
 14  6 13  9
 15  3  7  8

249
  8  5  1 13
  2  7 10  6
 11  3  0 15
 12 14  4  9

250
  2 14  5 10
 13  1 11 12
  9  7  6  0
  3  4  8 15

251
  3  5 11  9
 14 15  1  0
  6 13 10  2
  7  4 12  8

252
 12  5  2 11
  7  6  3 10
  4 13  9  8
 14 15  0  1

253
  1  9 11  8
  7 10  2 12
  3  5 15  0
 14  4 13  6

254
  4 13  5  2
  9 12 15 10
  1  6 14  0
  7 11  8  3

255
 12  4  3 11
  8  6  7  0
  9  5 10 13
  1 15 14  2

256
  3  7  5 14
  8  2  4 13
 11 12 15  0
  1 10  6  9

257
  1 11 12 14
  5  7  9 15
  0  6  8  4
 13  2  3 10

258
 13  4  7  6
 15 12 14  0
  2  8 11  9
  3 10  1  5

259
 15 12 10  3
  4  8  9  5
  7  6  2  1
 14 13 11  0

260
 15 13  3 11
  8  1  9 10
  6  7  0  4
 14 12  5  2

261
 11  4 12 15
  0 13  5  6
 14  8 10  9
  1  3  2  7

262
  0  4 15 10
  6 14 11  7
  3  2  1  9
  5 13  8 12

263
  2 15 10  1
  9 14  5 12
  3 11 13  0
  6  7  8  4

264
  4  9 15  1
 10 13 14  2
  7  6  3  0
  5  8 12 11

265
  9  7 10 12
  4 14  2 15
 11  0  3  8
 13  5  6  1

266
 15 13 11 10
  7  5  8 12
  9 14  6  2
  3  0  4  1

267
 10  0  3  7
  2 15 13  4
 11  5  6 14
  9  8  1 12

268
  7 10  1  0
 13  9 11  3
  6 15 12  8
  2  4  5 14

269
 10  0 11  3
  5  1  2 15
 14 12  7  6
  9 13  4  8

270
 10  1 12 11
  5 14  9  4
  0 15  6 13
  3  2  7  8

271
 15  9 14  5
 13  2 10 12
  4  3  1  8
  7  0 11  6

272
  6  1  4  5
  2 12  8  9
 14 15 13  3
 11  7  0 10

273
  5 10  0  1
  4  6  7 14
  9 13 11  2
 15 12  8  3

274
  0  1  3 13
 14  6  5 15
 12  4  2  9
 11  8  7 10

275
 10  6  5  3
 11  9 14  0
  8  4 12  1
 15  2 13  7

276
  4 10  8  0
  2 12 11 14
  5  7  6  1
  9 15  3 13

277
  1  8 12  3
  4 10 15 14
  9  0  2 13
 11  7  5  6

278
  3  1  7  2
 14  4 12  9
 10 13  0  6
  5 15  8 11

279
  2 10  4  7
  9 15  8  0
 11  5 13  6
 14  3  1 12

280
  1  5  7  2
  4  6 12  8
  9 10  0 14
  3 11 13 15

281
 15  8  3  0
  1  5 10 11
 13  7  4  9
  6  2 12 14

282
  7  1  4  6
 11 13 12  5
  9 10 14 15
  3  0  2  8

283
 11  0  6  4
 10  8  2 14
  1  7 13  5
  9 12 15  3

284
  8  0 13 10
  4  1  9  5
  2 11 15  7
  6 14 12  3

285
  1  8 15  7
  3  4  6 10
 11 12  2 13
  9  0  5 14

286
 11  0  1  4
  9 14  5  6
 13 12  7 10
  3  8 15  2

287
 15 12  7 10
  5  4  6  1
 14  0  3  8
 13  9 11  2

288
  9  4  1 14
  6  8  0  3
 10  2 13 15
 12 11  5  7

289
 14  5 13 11
  1  9  3 15
  2  6  0 10
  4 12  8  7

290
  3  9  5  6
  4 10  7 14
  8  0 15 13
 11  1  2 12

291
  1  8 14  7
  0 11  6  4
 13  2  5  9
 10 15 12  3

292
  7  2  8  0
 14  3 11 10
  4 12 15  1
 13  6  5  9

293
 12  9  6 14
 13 15 11  3
  7  1  0  4
  2  5 10  8

294
 11 14  2 12
 15 13  9 10
  5  6  4  0
  7  8  3  1

295
 15  9 11  2
  8 10  7  1
  4 13 12  3
  0  6 14  5

296
 10  1  2 14
 15 11 12  0
  3  7  9  5
 13  6  4  8

297
  1  8  3  2
  5 14 11 10
  0  9 12 13
  4  7 15  6

298
  4  0  5 11
  6 12  1 14
  2  9 13  3
 10 15  7  8

299
 10 11  2  3
  5  0  8 14
 12  9  1 15
  6 13  4  7

300
  4 15 12 11
  9  1 14  3
  2  5  0  7
 10  8 13  6

301
  6  1 15  7
  9  5 11 10
  4  0  8 14
  2  3 12 13

302
  3  5  1  4
 13 12  8  9
 15  0 11 14
  2 10  7  6

303
 10 15  2  8
 12 11  9 13
  1  6  0  4
 14  7  5  3

304
  7  3  2 15
  1  8  5  4
  6 14 12 11
 10  9 13  0

305
  6  9 11  2
  8 10 12  7
  0 13  4 15
 14  5  3  1

306
 15  1  3  6
 11  9  4 12
  5  7  2 14
 13  0  8 10

307
  8 10  0 13
 14  6  4  9
  7  3  1  2
 12 15  5 11

308
  2  6 13 14
 11  7  9  5
 15  8 12  0
  4  3 10  1

309
  6 10  5  0
  9  1  2 12
 14  8 11  3
 15  7  4 13

310
  4 15 11  0
  3  8 14  2
  9 12 10  6
  7  5  1 13

311
  4 12  1  9
 13 10  5  3
 15 11  8  2
  0 14  6  7

312
  9  1  0 14
  3 10  6 13
  2 15  7  4
  8 11  5 12

313
  9  4 15 12
 11  1  7 14
  0  6  2 13
  8  5 10  3

314
  4 13  2  8
  9 14  5 15
 10 11  0  6
  7  1  3 12

315
 13 12  1 14
  7 10  2 11
  6  5  0  4
  3  9  8 15

316
  5  2  3  6
 13  4 11 15
  1 12  8  0
  7 14  9 10

317
  1 11  0  6
 15  2 13 10
  4  9  7  8
  5 12 14  3

318
  0  7  1  3
 12  6  2  8
 14 10  9  5
 15  4 13 11

319
  3 10 14  9
  2 11  1 12
  5  6 15  8
 13  7  4  0

320
  0  1 12 15
  3  4  6 11
 13  7 14  5
  2 10  8  9

321
 14 12 13 11
 15  0  4  1
  3 10  5  9
  6  2  7  8

322
  6 14  3 12
  5 10 13  0
  7  8  4  1
 15  2  9 11

323
 14  2 10  9
  8 15  0  1
 13  4  5 11
 12  6  7  3

324
  2  3  6  4
  0  1 14  7
 13  9  8 10
 12  5 11 15

325
  6  7  4  0
  5 11  3 14
 13  1 15  8
 10  2 12  9

326
  1 10  2 15
  3 12  6  8
  7  0  4 14
 13  9 11  5

327
 13  5  6  3
  7 15  4 11
 10  0 14  1
  8 12  9  2

328
 13  3 12  6
 11 14  0  8
  7  4  1 10
 15  5  9  2

329
 10  9  3  0
 11 12  4  1
  5 14  6 15
  8  7 13  2

330
 12  7  2 10
  9 11  6  4
  8  5 13  0
 15 14  3  1

331
  0  7 14  3
  9  5  8  1
 10 15 11  4
 12  6 13  2

332
  4  9 12 10
 13  2  6  5
  3  8 11 15
  7  1  0 14

333
  4  5  0  6
 14 15 13  3
  2 10  7  8
 11  9  1 12

334
  6  1  7  4
 10  2 14  5
  9 15 12 13
  8 11  0  3

335
 11  9 15  7
  6 13  5  3
  4  8  2  0
  1 14 10 12

336
  0 15 11  4
  7  1 14  8
  9 10  3  2
 13  6  5 12

337
  9 11  2  8
  4 13  0 15
 14 10 12  3
  1  7  5  6

338
  0  2 10 13
 14 11  9  5
  3 12  7  4
  6  8 15  1

339
 12  7  1  6
 13  9  0 10
 14 15 11  3
  5  4  8  2

340
  8  7  2  4
 11  9 15  0
  5 14  1  3
  6 12 10 13

341
  5 12  8  6
 11  2 14  7
  9 15  0 13
  1  3  4 10

342
 10  2  8  1
 13 15  6 14
  7 12  4  0
 11  5  3  9

343
 15 13  0  7
  6 12  8 10
  4 11  3  1
 14  2  5  9

344
  7 14  9  3
  1  5  6  2
  0  8 11 15
 13 12 10  4

345
  7  6  4  5
  3  1  8  9
  2 11 14  0
 15 13 10 12

346
 10 11  8  1
  9  6  3  2
  5  0  7 15
 13 12 14  4

347
 12 14  7 15
 10  4 13  0
 11  3  9  2
  6  5  1  8

348
  2  5  9  3
  6 10  8 12
 14 13  1 15
  0 11  7  4

349
  2  3 13  8
  0 10 11  5
  6 12  9  4
  1 14 15  7

350
 13 15  6 11
  1  0  5  7
 12  2  4  8
 10 14  3  9

351
  6  8 15  2
  1 11 12 13
  5 10 14  0
  4  7  3  9

352
  4 15 14  0
 13  9  8  5
  3 12 11  6
  1 10  2  7

353
  0  4  6 13
  7  5  1 14
 15 10  9  2
 12 11  3  8

354
  9  8  1  5
 12  0  6  4
 14  3 10  2
 13 15  7 11

355
  4 12  0  5
  7 10 11 14
 15  9 13  8
  2  3  1  6

356
  4  6 13 14
 11  3  0  8
  9 10  5 15
  1 12  2  7

357
  9 14  1  3
  2  7 11  6
 13  0  5 15
  4 12 10  8

358
  4 14 13 12
  7  1 10  0
  8  3  2 15
  9  6  5 11

359
 12  0 13 11
  6  5  9  7
  8 15 14  3
  1  2  4 10

360
  0  1  5  7
 14  6  8 13
 12  9 10 11
  3  4 15  2

361
 12 14  1  2
 13  9  4 10
  3  5 15 11
  8  6  0  7

362
  9  0  6 14
  1  3 13  8
  4 12 11  2
  5 10  7 15

363
 12 10 13 14
  0 15  3  1
  6 11  5  9
  4  8  7  2

364
 14  6  4  2
  0  9  3  7
 10 11  8 12
  1 15 13  5

365
 15 14  5  7
  2  8  4 11
 10  0  6  3
  1 12  9 13

366
  1  8 12  9
 11 10  3  6
  7 13  2  0
  4 15  5 14

367
  1  9  2  8
 12  4  3 14
 10  5 13 15
  7  0 11  6

368
 15  6  8 13
  2  9 14  4
  3  1 12 10
 11  7  5  0

369
  4  0  3  7
 15 13  6  9
 12  8 14 10
  2  1  5 11

370
  4  8  2  5
  9 12 13 10
  3  1  7  6
 14  0 11 15

371
  2 10 12  7
  3 15  4  5
  9  6  1  8
 14 11 13  0

372
  6 11 14 12
 15 10 13  0
  7  1  8  2
  9  3  5  4

373
 13  5  4  6
 15  8  1  2
  7  9  3 10
 12 11  0 14

374
  6  5 14  4
  1  0 10  8
 13 12  2 15
 11  9  3  7

375
  3 11 15  8
 12  1  4 13
 10  5  2  9
  7  6  0 14

376
 10  0  3  7
 15  1 13 11
  8 14  9  6
 12  2  5  4

377
  0 12 13  9
  3  4  5  1
  7 14 11 10
  6  8  2 15

378
 13 14  0  8
 15  2  4  1
  5  7 12 11
 10  9  3  6

379
  4  8  2 14
  0 11  3 15
  1 10  6 12
  7  9 13  5

380
  7  0  2 10
 14 11  8  3
 15  1  9  4
  6 12 13  5

381
  3  2  8  5
  0  6  1 14
 12 10 15 11
 13  7  4  9

382
 10 14 11 12
  0  7 13  3
  2  9  1 15
  8  5  4  6

383
  0  4 12 11
 10  7  1  3
 14  6  5  2
 13 15  9  8

384
 10  7 13  5
  2  0  6 15
  9 12 11 14
  1  3  8  4

385
 15 14 13  8
  5  0 12  9
  1  4 10 11
  6  2  3  7

386
 10 13  5  6
 11  4  3  9
  1 15  7  2
  0 12  8 14

387
  2 14 12 13
  9  6  7 10
  1 11  5  0
  3 15  8  4

388
  5  2  9 12
  3  6  8  0
 13 11  1 14
 15  4 10  7

389
  0 11  8  5
  3 10  4  9
 14 15  1  6
 12  2  7 13

390
  3 13  4 14
  1 15  2  7
  9 10  5  6
  8  0 12 11

391
 12 11 13  1
 15  3  0  9
  5  4 14  7
  6  8 10  2

392
  0  4  1  3
  9  5 10 13
 12 11 15  8
  7 14  6  2

393
  9 14  1  3
 11  0  4  7
 15 13  2  5
  8 12 10  6

394
  9 13  6 15
  1  5  0 12
  3 11  2  7
  4  8 14 10

395
  4 14  2 15
  7  9  3  6
  1 11  8 10
  5  0 13 12

396
  0  3  4  5
  2  9  8 13
 12  7 15  6
 10  1 11 14

397
 13 14  4  2
  9  3 10 11
 12  1 15  8
  5  6  7  0

398
  4  7 10 14
  2  0  9  8
  1 11  3  6
  5 12 13 15

399
  1 11 14  2
  8  9  4  0
  6 15 10  3
  5 12  7 13

400
  1 11  6 12
 10 15 13  8
  3  9  5  4
  0 14  2  7

401
  1 15  3 12
  7  5 13 10
  2  4  6 14
  8 11  0  9

402
 14  0  5 13
 12  6  3 11
 15  9  7 10
  2  8  4  1

403
  8 12  3 10
  7 11  1 14
  5  9 15 13
  6  2  4  0

404
  0  1  2 14
  9  3  4 11
  8 12  6 10
 15 13  7  5

405
  1  3 14 10
 13  6 12  8
  4  9  7  0
 15 11  5  2

406
  0  6  4  7
  5 11  9 12
 15 14 13  3
  2  8  1 10

407
  1  9  7  6
 13  3  8 10
 11  0  5 15
 12 14  2  4

408
  6 15  9 14
  2  0  8  5
 13 10  4 12
  3  7 11  1

409
  9 11  6  0
 15  4 12 13
 14  8  2  7
 10  3  1  5

410
  3  4  1 10
  5  8  9  7
  0  6 12  2
 11 15 13 14

411
  5  8 11  9
 10  0  4 13
  7 12  6  3
 15 14  1  2

412
  1 14 15 12
  3  5 11  8
  7  9 13  2
  4 10  6  0

413
  5 15  1  9
 13 11  2  8
  7  3  6 12
  0 14  4 10

414
  9  1  5  0
  7 13  4 10
  2 14  6  3
  8 12 11 15

415
  8  3 15  1
  5 14  9 13
  2  6 12  7
 11  0  4 10

416
  8 10  0 12
  2 14  1  6
  9  5  3  4
 13 11  7 15

417
  5  4  7 15
  2 14  3  9
  8 12  1  6
 13 11  0 10

418
 15  6 11 14
 10  5  8 12
  4  3  2  0
  9 13  1  7

419
 14  4 13 10
  3 15 11  0
  6  1  9 12
  7  2  8  5

420
 11  7 13 14
  0 12  1  8
  2  3  9  4
  6  5 15 10

421
 15  8  4 10
  0 12 14  9
  6  1  3  2
  5  7 11 13

422
 11  8  3 15
  0  6  9  1
 12  4 14 10
  7  2  5 13

423
  7  9  6  5
 14  2 15  1
 10 12  3  4
 11 13  0  8

424
  6  2 10  1
 11 14  8  3
  9  5 12 13
 15  4  7  0

425
  5  8 11 15
 13  1  0  6
  2 10  9  7
  3  4 14 12

426
  1 10  6  7
  4 12  2 15
  8  5 11  3
  0  9 14 13

427
  3 15  4  5
  2 12 13 14
  9  0 11 10
  7  8  1  6

428
  6  8  7  1
 14  0 12 10
  5  2 11 15
  4  9  3 13

429
 14  9  1  3
 11 12  0 13
  7  6  2  5
  8 10  4 15

430
  0  9 15 10
  7  6  2  3
 14  1  5 13
 12 11  8  4

431
  6 14 11  5
  3  0  4 12
  9  8 15  7
 10 13  2  1

432
 15  2  3  6
 10  7 11  8
  0  1 13  9
  4 14  5 12

433
 12  5 15  6
  7  2  9 14
  3  0  8 10
 13  4  1 11

434
 12 14 13  2
 10  7  1  8
  4 11 15  9
  5  0  3  6

435
  3  0  1  6
  4 10 14  5
 13  8  9 12
 11  7  2 15

436
 11 12 13  3
  6  8  1 10
  0  7  5 15
 14  2  4  9

437
  7  4 13  5
  3  6  9  8
 11  2 12  0
 15 14  1 10

438
  1  6 10  3
  2 15  9 13
 14  4 12  5
  8  0 11  7

439
  4  5 10  1
  9  3 15 13
  7  2  6  8
 14 11 12  0

440
  4 12  0  1
  5 11  6  3
 15 10  2 13
  8 14  7  9

441
  3  2  0  7
  9 13 11 12
 10  5  4  6
 14  1 15  8

442
  0 11  5 10
  3 12 14  7
  9 15  2  6
 13  4  8  1

443
  1 10  4  7
  8 11 14 12
  0  3  2 13
  6  9 15  5

444
 13  5  1  3
 14 15  7 11
  6  2 10  9
 12  0  4  8

445
  3  0 11  7
  8 14  5 13
  9 12  1 10
  4  6  2 15

446
 11  2  5  4
 14 15 13 12
  8  3  1  9
  7  6 10  0

447
 14 13  9  0
  5  1  2  7
 15  4  8 11
 12  6 10  3

448
 15 12  6  3
 14  9  2  5
 10  0  1  7
  4 11 13  8

449
 13 15  8  1
 12  7  9  3
 10  0 11  4
 14  5  6  2

450
  4  9 14  3
  5 10 11 15
  0  8  6 13
  1 12  2  7

451
 14  1  6 15
 12  8  5  0
 11  7 10  2
  3  4 13  9

452
 11  4 10  9
  2 14  1  3
  6 15  7 13
 12  5  8  0

453
  3  9  7  8
  4  5  0 12
 15  6 10  2
 13  1 14 11

454
  7  1  6  9
 13 12 10  2
  4  8  5 15
 11  3 14  0

455
 13 10  6  7
 11  4  2  3
 15 12  5  1
 14  0  9  8

456
 14  4  1 13
 15  2  0  7
  8 11 10  3
  6 12  9  5

457
  4  0  1 14
 10  9 13 15
 11  3  6  8
 12  7  2  5

458
  6 13  1 12
  4  3  9  8
  5  7 15 14
  2 11  0 10

459
 15 14  8  6
  9 13 11  0
  2  7 12  4
  3  1 10  5

460
  7 15  2  5
  3 12  6 13
 11 14  4  0
  9 10  1  8

461
  3  8 14 11
  9 15 13  6
  5 10  7  1
  0  2 12  4

462
 12  9  3  2
 14  4 13  7
 10 15  0  5
  6 11  8  1

463
  3 10  9  1
 14  5 15  7
 11 13  6  0
  2 12  4  8

464
 11 13  2  1
 14 12  4  5
 10  3 15  6
  9  8  0  7

465
 12 15 14  5
  8 13  2  7
  9  0 11  3
  6 10  1  4

466
 14 13 11  1
  8 12  5 10
  7 15  0  9
  2  6  4  3

467
  3  4  0  1
 11  8 15  9
 14  2 10 12
  7  6  5 13

468
 13 15  5  0
 12  1  6 10
  9  8  4 11
  2  7 14  3

469
  2  9 15  8
  5  6 11  0
 10 13  3  4
 12  1 14  7

470
  0 10  1 11
 15  9  8  3
 12 14 13  2
  6  5  7  4

471
  9  1  3 11
  5  2 12 14
 10 13  7  4
  0  8 15  6

472
  1 12  6 13
 11  7 14  5
 15  4  9 10
  0  2  3  8

473
  5 10  2 11
  9  7 12  8
 14 13  4  3
  0  6 15  1

474
  3  6  7  4
 13  9 11 15
  0  5 12  1
  8  2 14 10

475
 10  0  7  9
 15  2 13  8
  3 11  4  6
 12  1 14  5

476
  1  8 12  5
  2 14  9  3
 15 10  4  0
  7 11 13  6

477
  0 10  6  9
 13 14 15 12
 11  8  5  1
  2  7  4  3

478
 11  2  6  1
 12  7  0  8
  9  5  3 10
 15 13 14  4

479
  8  2  4  3
 10  5  0 14
  1 11 13  9
 15  7  6 12

480
 15  0  3 11
 12  8  1  4
  2 14  6 13
  7  9  5 10

481
  5 12  1  4
  6 15 10  8
 11  2 14 13
  7  0  3  9

482
  0  6  1 14
 15 12  8  3
  2 13 10 11
  4  9  5  7

483
 13  8  2  9
  1  0  6 15
  4  3  7 10
 14 11 12  5

484
 10  2  3 14
  1 13 11  6
 12  4  5  0
  9  7  8 15

485
  9 10 11  8
 14 12  5  2
  0 15 13  1
  6  3  7  4

486
  0  5 10 12
  3 14 11  4
  7 13  6 15
  2  1  8  9

487
  8  5 12 14
  7  0  1  9
  3 11 15  2
  4 10 13  6

488
  3 14  6  5
 15 10  0 11
  2  9  1  4
 13  8 12  7

489
  6  7  8 10
  2 15 12  1
  5 13  4  9
  3  0 11 14

490
 13 12  8  7
  4  1  3  2
  5 15  0  9
 10 11  6 14

491
 15 13  1 14
 12  7  3 11
  8  5  0  6
  9  2  4 10

492
  1  7  3 12
  0  8  5 13
 10  6  9 15
  2 14 11  4

493
  0  8 14  9
  5 12 15  1
  6 11  3  2
  7 13 10  4

494
  3  5  2 15
 13  7  1  0
 14  6  4  9
 11 12 10  8

495
 13  2  6 12
  4  1 15  5
  9 11 14  0
  7 10  8  3

496
  2  5 12 10
  6 11  3  8
 15  0  4 13
  1  7 14  9

497
 10  7 15  9
  8  4  5  3
  0  2 13  6
 14 12 11  1

498
  1  4  6  9
  7 11  3  0
 15 14 12  5
  2 13  8 10

499
 13  0 11  5
  7  2 10  3
 14  9  4 12
 15  8  1  6

500
  8  4  5  3
 11 14  0  1
 10  6  7  9
  2 12 15 13

501
 11 15  9 10
  8 14  5 12
  7  0 13  3
  2  4  6  1

502
 11  8  9 12
  0  2  1  3
 10  6 15  5
  4 13 14  7

503
  9  1  6 15
 10  5 12 11
  8  4  7 14
  3  2  0 13

504
  0 15 13 14
  1 11  4  5
 10  2 12  3
  6  8  9  7

505
  8  1 11 14
  2 12 13  7
 10  3 15  4
  5  9  0  6

506
  0  5  8 10
 15  2  7 13
  4 11  9 14
  1  6  3 12

507
 11  7 10 12
  2 15  3  4
  8  9  6  5
 14  0  1 13

508
 10 13 15 12
 11  9 14  2
  0  6  5  4
  1  3  8  7

509
  7  8  2 15
 12 11  5  1
 10  0  3  9
  6 14 13  4

510
  3  4  6  2
  5  0 13  9
 14 12  7  8
 11 10  1 15

511
 14  8  9  7
 15 13  1 12
  6 10  2  4
  3 11  0  5

512
  7  4  3 13
 11 14  0  9
  8  5 12  1
  2  6 15 10

513
  5  8 13  2
 10  0 14  3
  1  4  6  9
 11 12  7 15

514
  7  5  8 12
 11 13  4  1
 15 14  9  2
  3  0 10  6

515
  6  4 11  5
  8 12  9  0
 15 10  3  2
  1 14  7 13

516
 15 10  0  7
  5 13 11  6
  3  2 12 14
  8  1  4  9

517
 14  1  7  5
 11  8  6  0
 15  4  9 10
  3 12 13  2

518
  1 15  5  2
 13  9 12 11
  8  0 10  3
 14  4  6  7

519
  3  9  7  8
  6 12  2  1
 10 14  5 15
  4  0 13 11

520
 15 13  2  9
  1 14 11  8
  0 10 12  7
  4  6  3  5

521
  8 10  0 12
  9 15  1  3
 11 14  2 13
  6  4  7  5

522
 11 10  6  2
  5  1  0 15
  7  8  9  4
 12 13  3 14

523
 15  2  1 11
 10  4  0  6
  5  7 13  8
 12 14  9  3

524
  7 11  9 15
  3  1  5  6
 12  0 10 14
 13  2  8  4

525
  3 12  8 13
  1  7 10  9
  4 14  5 15
  6 11  0  2

526
  3 10  2  1
  0 14  4  9
  5  7 11 15
 12  8 13  6

527
  7 10 14  8
  9 12 15  0
  2  6 13 11
  4  5  3  1

528
  4  7  0  8
  9 15 11 10
 14  3  5  6
 13  1 12  2

529
 12 15  2  8
  1  5 10  6
  3 11 14 13
  0  9  7  4

530
  4 10 13  5
  7  0  3  9
 11  8 12  2
 14  6 15  1

531
 11  2 12  0
 15 13  6 10
  5  9 14  1
  4  8  7  3

532
  5  0  9  7
 11 15  3 12
 13  4 14 10
  2  6  1  8

533
  4 15  0  9
 14  2 12  6
  8  7 13 11
 10  3  1  5

534
  9 15 11  4
  1 12  2 13
  6 14  5  3
  7  0 10  8

535
 13  0 14  3
  8 11  6 12
  9  7  5  2
 15 10  4  1

536
  8  7  0  2
  9  1  3 12
  5 11 13  6
  4 14 15 10

537
  3  0  2 15
  7 13  4 12
  5 11  8 14
 10  6  1  9

538
  0  9  3  2
  4  8 12  6
  1 11 14 13
 15  5 10  7

539
  6 15  3 12
 13 11  1 14
  5  9  8  2
  4 10  7  0

540
  1  4 11 15
 10  0 12  5
  3 14  7  6
  9 13  2  8

541
 13 15 10  3
  9  5  8 14
 11  1  0  7
  6  4 12  2

542
 10 14  6  1
 12 13  3 11
  0  5  9 15
  8  7  2  4

543
 10  7  1  2
  0  6  8 12
  4 15 11 14
  9 13  5  3

544
 13 12  4  1
  0 15  3  7
  8 10  6  2
  5  9 11 14

545
 14  6  9  0
 10 13  3  8
  5  1 12  2
 11  7  4 15

546
 11  7  9 15
 12  5  3 13
  2 14  4  0
  8  6  1 10

547
 11 12  9  3
  6 13  5  2
  0  8 10  7
  1 14  4 15

548
 14 10  1  6
  7  8 15 11
 12  3  9  5
  2  0 13  4

549
 10  3  8 14
 13  9 12  5
  0  7 15 11
  2  1  4  6

550
  8  0 12  9
 15 10  6  3
  2  5  4  1
 14 11 13  7

551
  5 12  2  6
  7 13 14 15
  9 10 11  1
  3  8  4  0

552
  8  7  3  9
  6 11 14 15
  5 10  2 12
  4  1  0 13

553
 14  7 10  2
  0  5  4 12
 13  8  3  6
 15 11  1  9

554
  4 10  7 13
 11 14  1  0
  8  6  5  3
  9  2 12 15

555
 10 13  1 14
  9  0  8 15
  7  6  3 12
  4  5  2 11

556
 11  9  7  8
  3 14 15  4
  0  5 12 10
 13  6  1  2

557
 12 11 13  9
  4  0  3  2
  6  8 10 14
  1 15  7  5

558
  3  5  0 13
 14  1  2  7
  6  9  4 12
  8 11 10 15

559
  1 13 11 10
  3  6  8  4
 14  9 15  7
 12  2  0  5

560
  0 13  9 11
 15  2 10 14
  6  4 12  8
  5  7  3  1

561
 14  5 10 15
  4  1  8 11
  2  0 12  9
  6 13  3  7

562
 12  9  5 11
  8  7  6  4
  0  2  1 15
 10 14 13  3

563
  6  1 12 10
  5  0  2 14
  4 15  3  8
 13  7 11  9

564
 13  9 14  7
  3  4 15  8
  6 10 12  1
  0 11  2  5

565
  7  1  5  0
 14  3  9 10
 12 11 15  4
  8 13  6  2

566
 10  8  0  3
  5 15  4  2
  1 12 11 13
  9  6  7 14

567
 12 15  3 14
 10 11 13  0
  2  1  4  8
  5  6  7  9

568
  3 15 14 10
  7  1  4 12
  5  6 13  0
  2  9  8 11

569
 11  8  5  4
  0 12 13 15
  3  1 10  9
  7 14  2  6

570
  1 14 10 15
  2 12  9  7
 13  0  5  6
  4  8 11  3

571
 11 12  9  5
  6 13  0  3
  2  1 14  7
  4 10 15  8

572
  2  1  0  8
 15  5 11  9
 14  3 12 13
  7  6 10  4

573
  1 12  9 15
  3 11  2 10
 14  6  8 13
  0  4  5  7

574
 14 11  7 10
  0  4 13  8
  2  1 15  9
  5  6 12  3

575
 13  1 11  9
 15  5 14  3
  2  0 12  7
  4  8  6 10

576
  6 15  8  4
 12 10  5 13
  9 14  3  1
  2  7  0 11

577
  4 14 11  5
  9  8 12  6
  0  1 15 13
  3  2 10  7

578
  4 14 15  6
  0  1 11 13
  5  9  8  3
 10  7  2 12

579
  8 15  6 14
 11  3  1  4
  2  9 10  0
 12  7  5 13

580
 12  7  0  4
 15 14  3  6
  2  1 10 13
  5  9 11  8

581
 13  2  7  9
  1 10  4  6
 14  0 15 11
  8  3 12  5

582
  6  0  3  4
 14 11  2  8
  5 12  1 15
  9 10 13  7

583
 11  9 15 10
  8  0  3  5
  2  1  4  7
 14 13  6 12

584
  3 10  2  7
 15  1 12  6
 14 13  0  4
  9  5  8 11

585
  9  4 12  8
 11 13  1  0
 15 14  5  2
 10  7  6  3

586
  5 11  4 15
  9 10  2  6
  3  7 14 13
  8 12  0  1

587
 15  3 13  2
 14  1  4 10
  6  9  7  0
 11  8 12  5

588
  9  8  4  2
  7 15 13 14
  0  5  6 12
 11  1 10  3

589
  6 11  1  2
  9  7 10 13
 14  3  0  5
 12 15  8  4

590
 13  8  4 11
  3  6 14  9
  7 15 12  1
 10  0  5  2

591
 11  8  9 12
  5  4  3  0
  2 14 13  7
 10  6 15  1

592
  7 14 11  3
  4 15 12  2
  1 13  9  0
  5 10  6  8

593
 15 14 11  4
  1 12 10  2
  8  9  0  3
 13  7  5  6

594
  8  2  0  9
  6 14 12  5
  1  7  4 10
 11 13 15  3

595
  7  3  9 11
 10 12  1 13
 15  4  8 14
  5  0  6  2

596
 14  2 15  9
 10 13  3  0
  8  4 12 11
  7  6  5  1

597
 12  2 13  9
 10  8  4  5
 11 15  0  3
  6  1 14  7

598
  1  2  3 10
  4  7  9 13
 11  8  6  0
 12 15 14  5

599
  1 15  5  2
  8 14  6  7
  4  9 13 12
  0  3 11 10

600
 15 14  9  3
  1  6 13  2
  7 12  5  8
 10 11  0  4

601
  4 14 15  3
  6  7  5  0
  9  1 10 13
 12 11  2  8

602
  4 12 13  1
  3  0 11 15
 14  6 10  9
  2  5  7  8

603
  8 14  5 10
  1  6 11  0
  2  7  9 13
  4  3 15 12

604
  9  3  5  0
 11  8 10  1
  7  4  6 14
 15 12  2 13

605
  3  2 15 10
  7  6  5  9
  1 13 12  8
  4 14 11  0

606
  2  8  3 13
  4  5 14  1
 12  7 11 15
  6  0 10  9

607
 12  5 11  9
  1  0 15  4
 10  6  3 13
  7  8  2 14

608
  8 10 13 12
  3  5  0  7
  6  2 14 15
  1  4  9 11

609
  8  0 15  9
  5  2 13  7
 11  6  4 12
  1 10  3 14

610
 11  1 15  9
 10  6  7  2
  3 13  8  0
  4 14  5 12

611
 15  1  5 14
  9  3 12 11
  6  0  2 10
  7 13  4  8

612
 15  3  2  8
 14  5 11  9
  7  4 10  1
  6 13 12  0

613
  0  8 14  7
  3  4  5 10
 15 12  2  1
  9 13 11  6

614
  4  1  9 10
  0 15 11 13
 12 14  8  5
  2  3  6  7

615
  9  3  2  0
  7  8  6 15
  1 11 10 12
  5 14  4 13

616
 12 10  0  8
  1  4  3  9
  6  5 14 13
  7 11  2 15

617
  4 12  5 13
 10  8 14  0
  2  6  1 15
  3  9 11  7

618
 15  7  3  5
  9 14  1  0
 13 11  6 10
  2  8  4 12

619
  0 11  1 12
 13  6 10  4
  9 15  8 14
  2  3  5  7

620
 10  8 13  0
  7 11  2  5
 14  6  9 12
  3  4  1 15

621
  0  7 11  3
  1  6 10 14
  2  8 12  5
  4 13 15  9

622
 15  1 14 12
  3  5  8 10
  2  0  6  9
 11  7  4 13

623
  2  6 15 10
 11 13  7  4
 14  0 12  9
  3  5  1  8

624
 13  6  3  5
  1 12  8 14
  9 11  4  0
  2 15  7 10

625
 14  3  6  7
 15  4 13 11
  1  5  0  2
  8  9 10 12

626
  7  2 15 14
 13 12 10  0
  6  3  8  5
  1  9  4 11

627
  7 10 14  5
  9  8  0  3
  6 12 13 15
  1  4 11  2

628
 14  2 15 10
  5  3  1 12
  6  8 13  4
  7  0  9 11

629
 15  6  5 12
 14  7  0 11
  3  4  9  1
  2  8 13 10

630
 10  5  0  7
 15 14  8  4
  6  2  9  3
  1 13 11 12

631
 14  8 10  7
  3  1  4  0
 15 11  9  2
  6 12  5 13

632
  7  5 12  6
  9 10 13 14
  4 15  0  1
  3  8 11  2

633
 14 12  1 11
  2 15  5  8
  6  0 10  4
  9  7  3 13

634
  9 13 11 12
 10  0  8  7
  6 14  1  3
  4 15  5  2

635
  4  1  0 11
  8 10  6  5
  3  7 14  9
  2 15 12 13

636
  9 14 15  1
 11  7  0 13
 10  6  8  4
  2 12  3  5

637
  8  3 15  2
  5 13  0 10
 14  9  4  6
 12 11  1  7

638
  6  2  9  0
 10 15  7  1
 13 11 12  8
  3  5  4 14

639
 15  9 11  8
  5 13 10  7
  0  6  4  2
  1 12  3 14

640
  3  0 14  1
 15  4 10  8
  7  9 11 13
 12  2  5  6

641
  4  1  0 13
  6 15 11  3
 14  7  5  8
  2 12 10  9

642
 12  8 11  0
  4  1  5  6
 15  7 14  9
  3 10  2 13

643
  7 15 14 12
  3  4 13  1
 11  9 10  6
  5  8  0  2

644
 13  8  4 10
 12 14  6  7
  3  0 11  2
  5 15  9  1

645
 13  6  4 10
  5  2  1 14
 11 12  0  3
  9  7 15  8

646
 15  0 10  5
 13  9  3 14
  4  8  1 12
  7  6 11  2

647
  7 15  1 12
  5  0  8  4
  6  3 13 14
 10  9  2 11

648
 15  9 13  7
  8  2  5 14
  4 11  0  3
  1  6 12 10

649
 15  2  6  3
  9  1  0  4
 14 10  8 13
  7  5 12 11

650
  9  0 12  3
 13  4  6 10
  2 15 11  8
 14  5  7  1

651
  0 15  9  2
 14  3 10  6
 12 13  1  7
  5 11  8  4

652
  9  4 15 12
  8 13 10  0
  6  1 14  2
  3  5  7 11

653
  2 13 11  4
 14  1  6 10
  0  8  3  9
  7 12  5 15

654
 13  6  9  8
  4 11  5 14
  3 10  0 15
  1  7  2 12

655
 14 11  4  8
 10  9  6  1
 12  3 13  0
  2 15  7  5

656
 15  6  0  8
  7  9  4 14
 13 10 11 12
  2  5  1  3

657
  6  8  2  4
 13  0  5 15
  3 12 14  1
 10  9 11  7

658
 13  2 11  3
 14  9  1  0
  6  7  5  8
 10 15  4 12

659
  8 10 14  6
  1 13  0  5
  4 15  3 11
 12  9  2  7

660
 11  6 10  4
  9  0 14  5
  7  8  1  2
  3 12 13 15

661
  2  6  3 14
  9 12 11 13
  7  4  5 15
  8  1  0 10

662
  5 12  1 10
  4  8  9 14
  7  3  0  2
 15 13  6 11

663
 11  6  0 15
  8  4 12  1
  7  2 14  5
 10  3  9 13

664
 13  8  3 10
 14  4 12  9
  5  0  1 11
  6 15  7  2

665
 13 12  7  2
 14  9  5 11
  8  4  6  1
 10  0  3 15

666
 11  9 14  6
  5  2 12  8
 10  1  0  3
 13  4 15  7

667
  3  7  4  2
 11 14 13  8
 12  6  9  0
  5 15  1 10

668
 15  0 14  1
 13 11  2  4
 12  6  9  5
  8  3  7 10

669
  9 15  3  4
  8  2 14  1
  7  5  0 13
  6 11 10 12

670
  3 15  5  8
 11 10  1  2
  0 13 14  6
 12  7  9  4

671
  5  0 13  9
 14 15  2  1
  8  3  7 11
 12  6  4 10

672
  6 10 15 14
  2  4 11 12
  8  5 13  9
  3  1  7  0

673
  3  2  1  0
 13 12 15  7
  8 10 14  9
 11  5  6  4

674
 13  7 12  3
 14 10 15  4
 11  9  0  6
  2  8  5  1

675
 15  1 10 14
  6  3 13  8
  4  2  5  0
 11  7 12  9

676
  7 11  8  4
  0 13  6 15
 10 14  5 12
  1  9  3  2

677
  1  6  9 14
  5  4 13  2
  8  7 15 10
  0 12 11  3

678
  9  7 13 14
 15  4  0  1
  3  6 12  2
 11 10  8  5

679
  7 10 13 14
  0 12  9 15
  1 11  5  6
  8  4  2  3

680
  3  6 12 10
 14  7  8  0
  2  1 15 11
  5 13  4  9

681
 11  9  0  8
 10  1  7  6
 15  4  3 14
 12  2 13  5

682
  3  8 12  7
 14  5  6 15
  1 11 13  9
 10  4  2  0

683
  2  1  9  7
 14  5  8 13
 10  6  3 15
 11 12  0  4

684
  1  0 12  4
  9  2  7 13
  8  3 15  5
 14  6 10 11

685
 11 15  7  3
  4  1  2  0
 14 13  9  5
  8 12 10  6

686
  2  3  6 11
 14  1  0 15
  9 10 13  5
  8  7 12  4

687
 12  1  9  6
 13 14 15  5
  7 11  0 10
  3  8  2  4

688
  8  5  2 15
  6 13  4  9
  0 14 10  7
 12  1 11  3

689
  7  8 12  6
  5 15 14  0
 13 11  3  2
 10  1  9  4

690
 11  2  9 10
 12  0 15  4
  6  1  8  3
 13  5  7 14

691
 12 15  3  0
  9  2  8 10
  4  1  6  5
 14  7 13 11

692
 12  7  3  9
  8  2  4  0
  5 11 10  1
 14  6 15 13

693
  7 12  1  6
 10 14  3  0
  9 15 13  2
 11  8  4  5

694
 12  9  2  6
  7  4  5  1
  8 15  0 14
 13  3 11 10

695
  3 12 14  7
  4  2 10  1
 11  9 13 15
  8  5  6  0

696
  3  5  9  0
 13  6 10  7
  8  1 11 12
  4 14  2 15

697
 11 13 10  9
  8  2  3 15
 12  6  1 14
  7  4  0  5

698
  5 13 14  8
  1 10  4  2
  9  3  0 15
 11 12  7  6

699
  2  7  8  9
 10 12  3 15
  6 11 14  1
  4  5  0 13

700
  7 12 14  2
  9 10 15 11
  0  3  1  5
  4  6  8 13

701
  0  2 13 12
 15 11 10  3
  5 14  8  9
  6  7  4  1

702
  4  5  1  2
  6  3 13 14
 11  7 15 12
  9  0  8 10

703
  5 13  0  3
  1 12  2  4
 14  9 10 11
  8 15  6  7

704
  4 15 11 10
  7 13  5 12
  8  1  0  3
 14  6  2  9

705
 10  9  3  5
 15 14  1  0
  6  7  2 12
 13  4  8 11

706
  2  8 10  7
  4  6 13  3
 14 15  1  9
 12  0 11  5

707
  8 12  9  4
 14  5  6 11
  7  3 15  1
 13 10  2  0

708
 10 12  2  0
 15  8  3  4
  6  9 14 11
  7 13  1  5

709
 15  5  0 11
  3  6  9 14
  7  1  2  8
 12 10  4 13

710
 12  6  4  8
 10  9 13  5
  0  1 14  7
 11  2  3 15

711
  8  0  2 11
 13 15  3 10
  5 14 12  1
  9  6  7  4

712
 13  1 14 10
 15  2  7  4
  0  9  5 12
 11  3  6  8

713
  6  1 13  0
  5 12 15  2
 11  8 14  4
 10  3  9  7

714
 10 11  6 12
  5  8  7  1
 15 14 13  3
  0  2  9  4

715
 12 13  5  0
 15  2  6  7
  9  4 14  3
 11  1 10  8

716
  2  4  0 10
  3 15  8 12
 14  7 11  5
  6  1 13  9

717
 14  7 13 12
 11  9 15  2
  6  1 10  0
  3  4  8  5

718
 12  3 11 13
  8  0  9  5
 15 10  6  1
  4  7  2 14

719
  2  0  4 10
 14  1 15 11
 13 12  9  8
  7  6  3  5

720
  1  4 12  9
 11  5 10  8
  6 13  2 15
  3  7  0 14

721
 12  1 11 14
  3  2  0  7
  9 13  5  4
  6 15 10  8

722
  1  6  7  2
 11  8  9 12
  0  5 14  4
  3 13 10 15

723
  0  2 12  4
  7  9  3 14
  8  6 15 13
  5 11 10  1

724
  0 15 10  8
  2  7 11  4
 13  5  6 14
 12  1  9  3

725
 12 14 13 15
 11 10  2  5
  8  9  0  1
  4  6  3  7

726
  8  0  9 15
 10  3 12  2
 11  1  5 14
 13  7  4  6

727
  9 10  3  8
 13  5 11 12
  2 14  0  6
  1  4  7 15

728
 10  1  4  7
 11  2  9  8
 15  6 14 12
 13  0  5  3

729
 10 13 12  7
 14  1  5 15
  3  4  2  8
  9  6 11  0

730
 10 11 13  2
  3  0  4 14
  7  6  1  8
  9 15  5 12

731
  3 11  6 12
 10  1 13 14
  7  5  8 15
  2  0  9  4

732
  8 14  5  7
  0 12  3 11
  2  9 15 10
  1  4 13  6

733
 14 13 11 12
  8  1  9  5
  7  2  4  6
  0 10 15  3

734
  4 11  3  0
 14  5  8  2
  9 13  1 10
 12  7  6 15

735
  0  8  3 14
 11  7  6  2
  5 12 10  9
 13 15  4  1

736
 14  3  8  1
  7 12 15  2
  6  4  0  9
 10 11 13  5

737
 15  5  2 13
 11  8  9  0
  1 14 10 12
  3  6  7  4

738
  3  6 14  2
 15 12  9  8
  7  4 11 10
  5  1  0 13

739
  9  1  3  0
 14  5 10 13
  6  8 12 11
  7  4  2 15

740
  1  2  0 10
 14  8 15  5
 12  6 13  3
  9  7 11  4

741
 13  1 11 12
 10  3  9  5
  6  2  8  7
  0 15 14  4

742
  8  3 11  5
  1  9 10 12
  6  4  2  7
 14  0 15 13

743
 15  2  8 11
 10  4  0  9
  5  6 12  7
 13  1 14  3

744
  5  9  2  6
 12 13  0  3
  8  1 10  7
  4 14 11 15

745
  5 15  6 12
  4  8 14  0
  7  9 11  1
  3 10  2 13

746
  3  9  8  6
  7 14  4  1
 10 15  0  2
  5 13 11 12

747
 12  3  9  4
 15 10  7  1
  2 14 13 11
  8  6  0  5

748
  3 14 10  0
  5  9  8 13
  1 15  6  4
 12  7  2 11

749
 15  7  6  8
  5 11  1 10
  4 12  9  3
 13  2  0 14

750
 11 15  5 13
  2  6  3  4
  7  8  9  1
  0 10 14 12

751
  5 14 12  1
 13  8 15  2
  6  7  0 11
  9 10  3  4

752
 14  5  2  1
 11  3  0  7
 15  9 10 12
 13  6  4  8

753
  8  2  6  1
 11  7  4  3
 14 15 13  9
  0  5 10 12

754
  4  3 15  1
  9  7 13  8
  5  2 12  0
 10 14  6 11

755
 15  2  8  5
  6  0  4  7
 11  1  3 13
 12 10  9 14

756
  6  9  1  4
  5 14  3  7
  2 10 12  0
 11 15  8 13

757
  7  3  0  8
  9 13 14 11
  6 12  4  5
  2 15  1 10

758
  0 12  6 13
  7  9 15  4
 11 14  8  5
  1 10  2  3

759
  2  1  3 11
  9 12 15 14
 10  8 13  5
  7  6  0  4

760
  1  0 12  4
  7  3  2 11
  6  9 10 14
 15  5 13  8

761
  4  7 12  2
 13  3  0 15
 10  8 14 11
  5  6  9  1

762
 13  1 10  5
 15  6 12  7
 11  0  2  8
  9  3 14  4

763
  2  5 10 13
  3 11 12 14
  1  9 15  8
  4  7  6  0

764
 14  6  0 15
 13  4  8  2
  7  3 12 11
  1  9  5 10

765
  2  6  1 11
 13  8 15  3
 14  7  0 10
 12  4  5  9

766
  9  1  4  7
  8 12 14 10
 11  2 13  6
  0  5  3 15

767
 15 11  2 14
  6 10  5  0
 12  8  3  1
 13  7  4  9

768
 12  9  0  4
  2 10  6  5
 15 14  3  8
  1 11 13  7

769
 13 12 15  5
  2 10  7  4
 14 11  9  1
  3  8  0  6

770
  1  6  4  3
 12  8  9  7
  2 15 14 10
 13 11  0  5

771
  3  9  6 14
  8  0 12 11
 10  2  4 13
  5  1 15  7

772
  3  4 14  9
 15 10  0 13
 12  1  5 11
  2  8  6  7

773
 11 14  0 10
 15 12  9  4
  1 13  2  8
  7  6  5  3

774
  2  7 12 11
  0  9  5  8
 14  3 10 13
  4  6  1 15

775
  4  6 13 14
 11  1 12 10
 15  3  8  5
  2  7  0  9

776
  8  9  5  6
 11  3  2 14
 13  7  0 12
 15  1  4 10

777
  8 12  7  3
  9  5  6 15
 10 13  1 14
  0  4 11  2

778
 12  2  0  6
  4 13 10  5
 11  1 15  8
  3  9 14  7

779
 13  9 11  1
 10 12  5 14
  7  0  8  3
 15  4  6  2

780
  7  6  2  5
  4  0 15 12
 13 10  8  3
 14 11  9  1

781
 13 14 10 12
  9  2  4  3
 15  0  5  6
  8  7  1 11

782
  4 15  9 14
 10  7  6 11
 12  8  3  2
  0  1  5 13

783
  6 15  8  2
  5  4  1 14
 10 13 11  3
  9  0  7 12

784
  6  2  4 14
 12  1 11  0
  5  3 13  7
  8  9 10 15

785
  7  6  9  2
 12 15  1 10
  0 13  5 14
  8 11  4  3

786
  3  0 13  9
  8  6 15 10
  1  2 12  4
  5  7 11 14

787
 12  2 10  9
 13  8 11  1
  0  5  4  7
 14  6 15  3

788
  6  4 14 15
 13  0 10  2
  8  5 11  7
  1  3 12  9

789
  0  9  6  2
  4  5 14 15
 12  1 10  3
 11 13  8  7

790
 11  8  4  7
  0  9  2  5
  3 10 12  1
 13  6 14 15

791
  3 11 12 10
  1  2 15 14
 13  8  5  9
  0  7  4  6

792
 12 15  6 14
  1  8 10  4
  3  0  7 11
 13  9  2  5

793
 10 15  4 11
  1 12  6  5
  2  0  7  3
  9 14 13  8

794
  5  1 15  4
 13  3  9  6
 10  2  0 11
 12  7  8 14

795
  8 12 11 14
  2  9  5  7
  3 13 10  1
  6  0  4 15

796
  1 10 15  0
  3 14  8 13
  4  9 12 11
  2  5  6  7

797
  4  5  8 14
 13  9 12  0
 11  3 10  7
  1  6 15  2

798
  9  1 13  0
  6  4  5 15
 12  2 10  7
  3 14  8 11

799
  6  2 11  4
 10 14  1 12
  7  3  8  0
  5 13 15  9

800
  6 10  4 14
  2 15 11  7
 12  3  5  0
 13  8  1  9

801
 13  6 10  0
  8 15  7  4
  1  3  2 11
 12  5  9 14

802
  0 12 15  1
  7  2  8  5
 14  4  9  6
 10 13 11  3

803
 11  1  0 14
  7  6  8 15
  2  4  9  3
 12 10  5 13

804
 10  3 11  4
  6 13  7 15
 12  8  2  0
  5  1 14  9

805
 13  6  0  4
  2  5  8 14
  1  7 11 12
 10 15  3  9

806
  7  3  9  1
  4 13 12  0
 11  5  2  6
  8 14 10 15

807
 12  4 14  1
  5 13 10 11
  3  8  9  2
  0 15  7  6

808
 14  2 10  6
  7  8  3  4
 12  5 11 15
  1  0 13  9

809
  8  5 14  4
  1 10 15  6
  7  0 12  2
 11  9 13  3

810
  5 14  6  4
 12 10  9  3
  0  1  2  8
 13  7 15 11

811
  8  5  7  4
  2 12 13 10
  0 15  3 14
 11  9  1  6

812
  0 15 11  1
  5  4  2 13
  8  6 12 14
  3  9 10  7

813
 14  9  7 15
  3 10  4 13
  1 11 12  0
  6  8  5  2

814
 13  4 12 10
  3 11  7  0
  1  2 14  9
  6  5 15  8

815
 11 14  2  9
 10 12  3  5
  7  1 15  0
  4 13  6  8

816
  9  1  0 14
  2 12  6  4
  7 13  8  3
  5 15 10 11

817
 11  2  9  6
  8  5  3 13
  0  7 10  4
 12 15  1 14

818
 10  8  9  7
 11  2  5 12
 13  3 15 14
  0  1  4  6

819
  7  2 14  3
  6  5 15  1
  9 10 11  4
 12  8  0 13

820
  6 14  8 11
  0  9  4  1
  3  5 10 12
  2 15 13  7

821
  0 11  9  2
 13  8  4  6
  3 10 14  7
  5 15  1 12

822
  7  1  6 15
 13 14  4  5
 10  3  9  2
 12 11  0  8

823
  4  0 10 14
  6  1  9  5
  7  3 15  2
  8 13 12 11

824
 15  9  7 12
 10  1  2 11
  3 13  6  8
  5  0 14  4

825
  7 14  6  1
  9 10 13  2
 15  5  3  8
  0  4 11 12

826
 15  0  5 11
  8  2  4 13
 12  1  3  6
  9  7 10 14

827
  6  2  4 15
 12  9  5  7
 13 10 11 14
  1  8  0  3

828
  9 12 14  1
  2  7  5 13
 10  3 11  6
  8 15  0  4

829
  2  6  1 13
 12  7 14  0
  3 11 15  5
 10  8  4  9

830
  1  8 11  9
 13  6 14  7
 12 15  0  2
  5  4  3 10

831
 15  8  2  5
 10  7 12 14
  6 11  1  4
  0  3 13  9

832
  8  2 14 15
  1  9  6  0
  4 12  3  5
 13 10 11  7

833
 12 15  0 10
  3  5  1  4
  8  7 13 14
  2  9 11  6

834
 12  5 14  8
 10  3  7 15
  1 11  0  2
  4  6  9 13

835
 13  3 10 11
  1  4  9  5
 14  0  7 12
 15  6  8  2

836
  6  1 12  8
 11 14  3 15
  7  9 13  2
  0  5  4 10

837
  9 10 11 13
  6 14  4  8
  1  0 12  3
 15  5  7  2

838
 14  2 10  4
 11 15  0  9
  3  8  6  5
  7 13  1 12

839
  1 13 10  2
  0  6  4  8
  5 12 14  9
  3 11 15  7

840
 11  3  2  1
 12  6  7  8
 10  9 15  4
 13  0 14  5

841
 11  8  3 13
  1  2  4  5
 10 14  9  7
 15 12  0  6

842
  3  5  2 13
 14  8  7  1
  0  9  4 11
  6 15 12 10

843
  7  5 10 11
 14  0  8  4
  6  9  1  2
  3 15 12 13

844
 10  7 15 11
 14  1  5  8
  0  9 13  3
  6  4 12  2

845
  6  4 11  3
  7  2  0 12
  8 13  5 15
 10  1 14  9

846
  9 13  2 11
 10  3  6  0
  8  1 14 15
 12  5  4  7

847
 14  8 15  1
  6  7  5  0
  9  4 12 10
  3 13  2 11

848
  7  6  5  9
 10  2 15 12
  3 14 13  1
  4  0  8 11

849
 10  6  5  3
  8 12  7  0
  4  2 11  9
 14 13 15  1

850
  8  6  9  0
  1  5  7  2
 10 13 11  3
 15  4 14 12

851
 13  9 12 15
  4  7  0 11
  2  6 10  8
 14  5  3  1

852
  4  5  6  2
 11 12 14 10
  1  3 15 13
  7  8  9  0

853
 13 11 14  1
  3 15  4  2
  0  5 12  8
  9  6 10  7

854
  4  3  0  7
 15  2 11  1
  5  6  9 12
 10  8 14 13

855
 15  6 10  7
  4 11  1  2
  5  3  9 12
  0 13  8 14

856
 13 15  6 11
 12  9  4 10
  5  1  8  0
  3 14  7  2

857
  0  5 11  9
  7 13  8  3
 14  6  1 10
 12  2 15  4

858
  0  3  6  5
  1  2 14 13
 11 10  7  8
  9 15  4 12

859
 10 12  5  8
  9 11  0  3
  4  7 13  1
 14  2  6 15

860
  4  2  9 13
  3  1  5  8
 12  0 15  6
 14 10 11  7

861
 14  0  4  2
 13 11  5  9
  3  7  1  8
  6 10 12 15

862
 15 11  2  1
  6  0  3 14
  5 13 10  7
  4  8 12  9

863
  9  3 10  5
  6  7 11 13
 14 12 15  0
  8  4  2  1

864
 14 11  6 10
  1  2 13 12
  4  0  8  9
  5 15  7  3

865
  7 15 14 10
  6  4  9  1
  3 13  2  0
  5  8 11 12

866
  6 11 13 15
 10  2 12  8
  1  7  3  9
  4  5 14  0

867
  5 11  7 13
  8  4  9 10
 15 12  1  0
  3  6 14  2

868
  9  4 13  2
  3 10  5  1
 11 14 15  7
  8 12  6  0

869
  2  0  8  6
  7  1 14 10
 11 12  9 13
 15  4  5  3

870
 13  4 15 12
  9  1  0 10
 14  5  7 11
  2  8  6  3

871
 13  2  6 15
  1  0  3  7
 11  5 10 14
  4  8  9 12

872
  0  3  2  1
 15  6 12 14
  8  5 13  9
  4 11  7 10

873
  4  6 10  8
 15  7  9  5
  1 11  2 13
 12  3 14  0

874
 12  4 15 11
  3  0  2  7
  1  8 14 13
 10  9  5  6

875
 11  8  0 10
 12  5  6  7
  4  1  9 13
  3 14  2 15

876
 13  8  0 11
  2  5  7 14
  9  6  4 10
 15 12  3  1

877
  5 10  9  8
 12  4 11 13
  1  0  6  2
 15 14  3  7

878
  9  5  4 15
 12  0  1  2
  8 14 11  3
  7  6 13 10

879
  6 10 15 13
 14 12  0  2
 11  3  1  8
  5  7  9  4

880
  9 13  7 12
  6  1  2 10
 15  3  5  4
  0 11  8 14

881
 15  2  6  3
 13 12  7 14
  4  1  9  0
 11 10  8  5

882
  8 14 11  5
  3  7 10  2
 15 12  4 13
  6  0  1  9

883
  7  3  4  2
  6  0  5 12
  8  9 15  1
 14 11 13 10

884
  4  3  2  0
 10  5 13 11
 15 12  7  9
  8 14  1  6

885
  2  4 13 10
  8  3 15  0
 14 12  5  7
  6  9 11  1

886
 15  5  8 14
  2  6  7 11
  9 13  4  0
 10  1 12  3

887
 10  1  6 15
 12  7  8  4
 14 13  3  5
  9 11  0  2

888
 12 15  3  9
  2  8  7  4
  0 11  6 10
 14  5  1 13

889
 15  6 13  5
 14  7 11  8
  3 12  0  1
  4  9  2 10

890
  7 15  0  6
  5  2 14  1
  3  8  9 11
 10  4 13 12

891
 12  6 11  7
 13  5  4 15
  3  0 10  2
 14  8  9  1

892
  3  8 14  9
  5  4 15 12
  1  0 13  2
  7 10 11  6

893
 10  4  7  0
 11  9  1 14
 15  3  8  5
  6 13  2 12

894
  3  4 10  5
  1  0  8 13
 12 14 15  6
  2 11  9  7

895
  3 11  8  4
  7 15  1  2
 10  5  0  9
 13 12 14  6

896
  9 15 14 13
  1  0 10 12
  8  5  3  6
  4  7  2 11

897
  2 10  5 12
 13  8  1  9
 15 11  4  3
  6 14  7  0

898
  6  3  0  1
  2 13  4  7
 11  8 15  9
 14  5 10 12

899
  4 10  8 11
 12 15  9  5
  2  1  3 14
  6  7  0 13

900
  7  3 10 15
  9  0  1 14
  2 12  5  8
 11  6  4 13

901
  8  4  3 11
  6 13  1 12
  2 14  5 15
  9  0 10  7

902
  7  8 14  3
 11  4 10  0
 15 12 13  9
  2  1  5  6

903
 14  3 11  5
 10  4 15  2
 12  6 13  9
  8  0  7  1

904
 12  6  4  9
 15 13  0  5
 14 10  2 11
  8  7  3  1

905
  4  9  2  1
 11 15 13 10
  3  6  5  0
 14  8 12  7

906
  4  6 10  3
 15  2  0 11
  7 12  9  8
  1 13 14  5

907
  8 13  3 14
  6  1 12  9
 10  7  4  5
  0 15 11  2

908
  0 15  9 13
  6  1 14  5
  3 12  2  7
  8 10  4 11

909
  9  2 14  5
 11 12  4  7
 13  8  6  0
  3 10  1 15

910
 12  1  6 14
  4  7 10 13
 15  0  3  8
 11  2  9  5

911
  6  8  1 10
 11  3  9  4
 15  7 12 14
  0  5  2 13

912
 14  3  6  8
  4  7 13 11
  0  1 15 12
  9  5 10  2

913
  4 15 10  1
  9 11  2  5
  7  3  8 12
  0 13 14  6

914
  9  2  5  8
  0  3 11  4
 12 10 14  7
 15 13  6  1

915
  7  6  9 15
 12  1  4 10
  8 13 14  2
  5 11  3  0

916
 14  3  9  5
  4 12  2  6
 15 13 10  1
  7  0 11  8

917
  7  9  4 14
  5 10 15  1
 13  6  3  8
  2  0 12 11

918
  9 15 13  3
 14  0  2  8
 12  4 10 11
  7  1  5  6

919
  5  4  3  1
  6 10  9  2
  0 11 14 13
 15  8  7 12

920
  5  9  3 11
 14  0 13 12
  4  8  1  6
  2 10 15  7

921
 10 14 13  8
 12  3  2  1
  6 11 15  5
  4  9  0  7

922
  4  3  7 14
  0 10  8 11
  9 12  6  5
  2 15 13  1

923
  6  5  0 10
 11 15  9  3
  1  2 14 13
 12  4  8  7

924
 14 15 13  6
  2  0 11 12
  7  4  8  3
  1  5 10  9

925
  8 12  5 10
  7 14  4  2
  9  0  6 13
  3 15  1 11

926
 15 13  4 12
 10 14 11  8
  9  1  6  7
  0  5  3  2

927
  6 14 15  1
  7  3  4  8
 10 11 12  9
  5  2 13  0

928
  7 13  8  5
  1  2  3  6
 15  9 10  4
 11  0 14 12

929
 12  6 11  3
  8  1 14 15
  0  4 10  2
  7 13  5  9

930
  6  7 10  5
 14  0  8  4
 11 12 15 13
  1  3  2  9

931
  6  7  8 10
  2  9 14 12
  5 11  3 15
  4  0  1 13

932
  5  7  0  3
  4  8  6 11
 12  2 13 15
 10  9 14  1

933
  5 12  2  0
  7 15  8 11
 14 10  3  6
  1  4  9 13

934
 12  0 15 13
  1 10  9  7
  4  6 14 11
  8  5  2  3

935
 14  7 13 11
  3  2  0  9
  5 15  8  1
  4  6 12 10

936
 10 11 15  7
  4  8  5  2
  1  0 14  9
  3 12  6 13

937
 10  6 12  8
  5 13  4  7
  9 15  2  0
  1  3 14 11

938
  5  6  4 10
 14  7 11  0
  8  1 12  2
 15  3  9 13

939
 13  7  9 11
 15  3  6  5
  1  2  8  4
 14 10  0 12

940
  6  2  4 11
 15  8 12  3
  9  5  1 10
 13  0 14  7

941
  3 10  1  7
  4 14 12  9
  6  2 11  5
 15  8 13  0

942
 13  9 14  3
  6  7  8 15
 10  5  1 11
 12  0  2  4

943
  4 13 11  2
  6  5 12  3
 10 14 15  1
  9  8  0  7

944
  3  6 13  5
  4 14  9  1
 15 10  8  7
 12  0  2 11

945
 10  8  1 11
 14 12  0  9
 13  5  4  6
  7  2 15  3

946
  6 12  5  7
 14  9  8 13
 15 11  3  4
  2  1 10  0

947
 14  8 12  9
  2 13  4  6
  1 15  7 10
 11  5  0  3

948
 10  3 12  6
 11 15  8  0
  1  4  5 13
  7  2  9 14

949
 14  1  7  5
 11  0  2  9
  4 12 15 10
  8 13  3  6

950
  8 13  3  0
 10 12 14  9
  7  5 11  4
  2  6 15  1

951
 15  1  9 11
  5 10  0  2
 14 13  7  8
 12  6  4  3

952
  1  3 15  7
  8 14 12 10
  6 11  5  2
 13  4  9  0

953
  5  9  4  8
  0 13  2  3
  6  7 12 14
 15 11 10  1

954
  2  1  3 13
 15  9  0 12
 10  5  7 11
  4  6  8 14

955
 11  7  9 13
  8 15 10 14
  3  4  1  2
 12  6  5  0

956
  1  6 13  8
  3  7  0 11
  5  2 12 14
 10 15  9  4

957
 15  2  5  1
  0 13 12  4
  8 14  9 11
  7  6  3 10

958
  0  4 14 12
 10  8 11  5
  6  9 15  2
  7 13  1  3

959
  6  2  0 15
 10  3 14 12
  4  5  9  1
  7 11  8 13

960
 14 11  1 10
  6  8  9  4
  5  7 15  3
  0 12  2 13

961
  2  3  5 11
  7 14 10 13
  0  6 15  8
  1  9 12  4

962
 12 11  6  1
  0  5  4 10
  7  3  8  9
 14 13 15  2

963
  3  4  1 11
 13 12 14  6
  9 15  5  8
 10  0  2  7

964
  7 10  8  3
  6  5  2  1
  9 13  4  0
 14 12 15 11

965
  5  8 11 12
 14 10  2  0
  3  1  4 15
  7 13  6  9

966
  9  1 14  6
  2  7  8  3
  4 12 11 15
 13  5 10  0

967
  0  2  8 15
  4  9  7 10
 11  5  3  6
 13  1 12 14

968
  1 13 12  9
 10  5 14  6
 15  2  3  8
 11  0  7  4

969
 14 10 12  7
  1  3 11  2
  8  6 13 15
  4  9  0  5

970
  8 13  6  1
  0  7  5  2
  4  3 14 15
 10 11  9 12

971
 11  7  9  0
  6  3  2 12
 10  1  4 15
  5 14  8 13

972
 11 14  4  8
  1  5 15  6
 13 10 12  0
  7  9  3  2

973
  2 14  6 10
  5  0 13  1
 12  7  8  4
  3 11  9 15

974
 13  0  6  5
 15  4 11 12
  9  8  2  7
  3  1 10 14

975
  2 12 10 14
  1  7  6  5
 15  3  0 11
  8 13  4  9

976
 12 15  3 13
 14  9  2  1
  8 11 10  6
  0  4  5  7

977
 11  5  6 10
 13  7 15 14
  1  9  8  0
 12  4  2  3

978
 14 15 12 10
  5  7 13  9
 11  0  3  4
  2  6  8  1

979
  4  0  8  9
 11  5  7  1
  2 13 12 14
 10  6  3 15

980
  3  5  2  0
  7 12  1 10
 13  6 14  4
  9 11  8 15

981
  1 15  3 12
  6  4  7  5
  9  0 14  2
  8 13 11 10

982
  4  9 11 14
 12  7 10 15
 13  1  8  6
  2  0  3  5

983
  5 11  6 13
 15 14  9 12
  7  3  4  2
 10  1  8  0

984
 11  4 14  0
 13  6  2  1
 12  7  8 15
  5 10  3  9

985
  8  0  1  5
 12  2 15 13
  6  3  9  7
 10 14  4 11

986
 11  2 12 14
  9  4  3  7
  6 15 13 10
  8  1  0  5

987
 11  8  5 14
 10 15  2  7
 13  3  6  9
  0 12  1  4

988
  5 10  1  8
  2  9 14  7
  3 11 13 15
 12  0  4  6

989
  3 11 15 13
  4 10  7  2
  8  9  0  5
  1 14  6 12

990
 10  8 11  9
  2 14  6  5
  0  3 12  1
 15  7 13  4

991
 15  5 13  8
  0  4 12  2
 14 11  7  9
  1  3 10  6

992
  0  5  9 14
  8  7 11  4
 13  1  2 15
 12  6  3 10

993
  8  3 15  1
  5  2 11  9
 10 14 13  4
 12  6  7  0

994
  1  3  2  6
 15  7  4 14
 11  9 12  8
 10  5  0 13

995
 11 15 10  6
 13  1  7  2
  9  3  0  4
  8 12  5 14

996
 12 15  5  4
  3  2  1 10
  9 11  6  7
 14 13  0  8

997
  4 13  9  0
 14  1  8 11
  5  6 10  2
  3 15 12  7

998
 11  7 10  2
 15  1  0  4
 14  6 12 13
  3  5  8  9

999
  6  5  9 12
 15  8  3 10
  1  2 13 14
  0 11  7  4

