4
 12  2  0  6
  7  9  1 11
 10  3  5 13
 15  4  8 14

4
  2  5 11  0
  9 15 14  3
 12  7  6 13
  4 10  1  8

4
12 1 10 2
7 0 9 14
11 5 4 6
13 3 15 8

3
  8  5  2
  6  0  4
  7  3  1
3
2 0 6
1 3 4
7 5 8

3
1 3 4
8 6 2
5 7 0

5
5 7 12 2 23 
11 1 24 8 0 
10 3 19 4 22 
17 6 20 18 9 
15 21 13 14 16



0 1 2 3
4 5 6 7
8 9 10 11 
12 13 14 15 

3
8 7 1
6 0 4
3 2 5

5
5 7 12 2 23 
11 1 24 8 0 
10 3 19 4 22 
17 6 20 18 9 
15 21 13 14 16


8 7 1
6 0 4
3 2 5



1 2 3 4
5 6 0 8
9 10 7 11
13 14 15 12

4 1 2 3
0 5 6 7
8 9 10 11
12 13 14 15






8 0 6
5 4 7
2 1 3

3 1 2
0 4 5
6 7 8



