0
 12 14  2  8
  4  9 13 11
  5  3  6 15
  7  0 10  1

1
 12  2  0  6
  7  9  1 11
 10  3  5 13
 15  4  8 14

2
  7 13 11  4
  1  9  8  3
 14 12  5  2
  6 10 15  0

3
  5 10 12 13
  2  3 14 15
  9  8  0  7
  1  6 11  4

4
  8  3 10  0
 15  1 12 11
  7  4  2 13
  5 14  6  9

5
  5  7  1  4
  8  3 15 13
 14  2  6 10
 12 11  9  0

6
  6  7 10  0
 13  9  8  4
 14  2  3 11
  1  5 12 15

7
 12  7  0  8
  5 13  6 11
 15 14  3  1
  2  4  9 10

8
  1  2 15  8
 12  6 11 13
  4  5  3  7
  9 14  0 10

9
  1 12 10 14
  9  6  2  0
 11 13  7  8
  5  4 15  3

10
  5  7  0  6
  4 11 15  8
 14 13  1 10
  3 12  9  2

11
  3 10  2 15
 14  1  5  7
  4  6 11 12
  8  9  0 13

12
  4  9 11  3
  5 15  8  6
  1 13  0 12
  2 10 14  7

13
  5  7 14  4
  1 10  0  8
  3 12 13 15
  9  6  2 11

14
  3  6  8  2
  4 12 13 11
 14  7  1  0
  5 10  9 15

15
  5  3  2 10
  7 12 14  0
  8 15 11  1
 13  9  4  6

16
  5  6  4 10
 14  8  3 11
 12  2 13 15
  0  1  7  9

17
  1 11  8  2
  0  5 14  9
 12  7  6 10
  4 15 13  3

18
 12 15  0  3
  7  5 14  6
  9 11  2 13
  1  4  8 10

19
  9 11  8 10
  2 12  5  4
  0  6  7  3
  1 14 15 13

20
  9  0  7 11
  8  3  6 15
  5 13 10 12
  4  1  2 14

21
  0 10  8 15
  9 13  2  6
 14  4 12  3
  5  1 11  7

22
  6 11  4 12
  7  1  5  2
 14  8  0  3
 10  9 13 15

23
 10  7  6  5
 15  8  4 13
 11  1 12  9
  0  3  2 14

24
 11  7 10 15
  6  2  0  1
  8 12  9  3
  5 13  4 14

25
 11  6  0  4
 12  7 15  5
  1  2 14  9
 13  8 10  3

26
  1  4  8  6
 13  9  2 11
 10  7  5 15
  0  3 12 14

27
 13 11  0  5
  7  9  8  6
  2 10 12 14
 15  3  1  4

28
  3  7  5 12
  9 10  0 15
  2 11  1  8
  6  4 14 13

29
 13  7  5  8
 14  0  2 11
 10 15 12  3
  9  1  4  6

30
  1  8  9  6
 15  7  2  3
 11 12 10  5
  4  0 13 14

31
  6  3  4 11
 12 10  1  8
  9  7 13  5
  2 15 14  0

32
  2 14  5 13
 10 15  9 11
  4  1 12  7
  0  3  8  6

33
 11 12 10  0
  6  8  3  9
 15  4  1  2
  5 13 14  7

