0
 14  8  7  1
  6 12 13 15
  5  3  4 11
 10  0  2  9

1
 12  2 14  0
  8 13  6  9
 15  7  3  4
 11  1 10  5

2
  3 13 12  6
  7  8  4 14
  1 11 10  2
  9  5  0 15

3
 13  4 10 14
 15  5  6  7
  1  2  3  9
 11  0 12  8

4
  8 14  4  0
 10  5 15  3
  7 11  1  9
  2  6 12 13

5
  6 15  2 10
  8 13 12  4
  5  0 11 14
  7  3  9  1

6
 11  7  6  1
 13 15 10  2
  3  9  4 12
  5  0  8 14

7
 12  2 15  5
  3  6  9  8
  0 14 13 11
  1 10  4  7

8
  5  9  1 14
  8  7  4 10
  0 13 12  3
  2 15 11  6

9
 14  6  5 10
 13  4  8  2
  0 12 11 15
  7  9  3  1

