0
  2  1  5
  0  3  4
  7  6  8

1
  1  5  8
  4  6  0
  3  7  2

2
  0  1  7
  8  2  3
  5  6  4

3
  6  2  5
  7  8  1
  4  0  3

4
  8  6  5
  4  7  3
  1  2  0

5
  3  7  2
  5  0  6
  4  8  1

6
  6  1  2
  3  5  4
  7  8  0

7
  3  5  0
  1  2  4
  8  7  6

8
  7  3  5
  8  2  1
  4  0  6

9
  1  5  8
  4  6  2
  0  3  7

10
  6  2  1
  4  3  5
  8  7  0

11
  5  8  3
  6  4  1
  7  2  0

12
  0  1  5
  8  6  7
  4  2  3

13
  0  4  3
  7  8  5
  1  6  2

14
  6  8  7
  5  3  2
  4  1  0

15
  2  6  3
  5  8  4
  0  1  7

16
  5  0  1
  3  6  8
  7  2  4

17
  2  7  3
  4  8  5
  1  6  0

18
  1  7  2
  0  3  8
  6  4  5

19
  8  5  6
  2  1  3
  4  0  7

20
  4  3  0
  8  6  5
  2  1  7

21
  4  6  0
  3  1  5
  8  2  7

22
  2  4  6
  7  3  5
  0  8  1

23
  1  8  6
  5  3  7
  2  0  4

24
  8  2  3
  4  5  6
  0  1  7

25
  5  1  7
  3  8  2
  4  6  0

26
  8  6  0
  3  5  1
  2  7  4

27
  0  6  2
  3  8  4
  5  7  1

28
  5  4  0
  2  8  6
  7  1  3

29
  7  4  3
  2  1  6
  8  0  5

30
  8  1  2
  4  0  3
  6  7  5

31
  2  4  5
  7  6  0
  1  3  8

32
  2  7  6
  4  8  1
  0  5  3

33
  5  0  6
  7  1  4
  8  2  3

34
  8  6  0
  5  3  2
  1  7  4

35
  1  6  3
  5  7  8
  0  4  2

36
  0  1  2
  7  4  3
  5  8  6

37
  5  3  4
  0  2  6
  7  8  1

38
  0  8  6
  4  1  7
  3  5  2

39
  2  4  0
  7  1  8
  5  6  3

40
  0  8  7
  6  5  1
  3  4  2

41
  3  1  8
  6  2  7
  4  0  5

42
  5  2  1
  6  3  4
  8  0  7

43
  8  2  1
  6  3  5
  4  0  7

44
  6  4  0
  8  1  7
  5  2  3

45
  3  5  0
  1  7  8
  2  6  4

46
  2  4  6
  5  3  1
  8  0  7

47
  8  6  5
  3  0  1
  7  2  4

48
  5  6  0
  4  1  8
  3  7  2

49
  4  5  0
  6  3  7
  8  2  1

50
  0  3  2
  5  4  6
  8  7  1

51
  1  6  3
  7  4  0
  2  8  5

52
  8  6  2
  1  7  4
  5  3  0

53
  6  7  8
  4  1  3
  5  2  0

54
  3  7  4
  6  5  8
  1  0  2

55
  2  7  0
  5  3  8
  6  4  1

56
  2  7  8
  5  4  6
  0  1  3

57
  7  5  0
  8  6  3
  2  1  4

58
  1  2  6
  3  4  5
  8  0  7

59
  0  6  5
  8  2  1
  7  4  3

60
  1  8  0
  6  5  7
  3  4  2

61
  7  4  2
  3  6  1
  8  5  0

62
  4  7  6
  2  1  0
  8  5  3

63
  4  7  1
  3  5  2
  6  0  8

64
  5  2  0
  6  4  7
  8  1  3

65
  8  7  6
  0  3  1
  4  5  2

66
  4  7  0
  8  6  3
  2  1  5

67
  2  4  7
  5  0  3
  1  6  8

68
  2  7  0
  8  5  4
  3  6  1

69
  3  5  7
  8  0  6
  1  2  4

70
  7  1  0
  8  5  2
  6  3  4

71
  2  8  1
  4  6  0
  3  5  7

72
  0  2  7
  5  4  3
  6  8  1

73
  5  1  4
  8  0  7
  6  3  2

74
  6  1  2
  3  4  0
  8  7  5

75
  3  2  0
  1  8  7
  5  6  4

76
  2  6  0
  8  4  5
  1  3  7

77
  1  5  2
  4  8  6
  3  0  7

78
  1  6  7
  2  4  5
  3  8  0

79
  3  0  5
  4  8  1
  7  6  2

80
  1  4  6
  2  5  8
  3  0  7

81
  6  2  7
  8  4  3
  5  1  0

82
  3  4  8
  0  6  1
  5  7  2

83
  8  6  5
  4  7  0
  2  3  1

84
  8  5  6
  4  0  3
  1  2  7

85
  5  3  4
  1  0  6
  7  2  8

86
  6  7  2
  8  3  0
  1  4  5

87
  1  8  6
  4  0  7
  3  2  5

88
  1  6  4
  5  3  2
  8  0  7

89
  4  5  0
  7  3  6
  1  2  8

90
  7  4  1
  6  5  3
  8  0  2

91
  6  1  0
  5  7  8
  2  3  4

92
  1  7  6
  3  5  8
  2  0  4

93
  7  6  3
  0  5  8
  4  2  1

94
  8  2  4
  0  3  5
  1  6  7

95
  0  4  8
  6  2  3
  5  1  7

96
  8  2  3
  7  0  1
  4  6  5

97
  0  8  2
  4  5  7
  1  6  3

98
  1  2  8
  5  0  6
  4  3  7

99
  8  6  0
  5  2  1
  7  4  3

100
  6  3  2
  5  4  8
  7  1  0

101
  1  0  6
  4  2  7
  8  3  5

102
  2  3  0
  7  1  5
  6  4  8

103
  7  4  1
  5  0  6
  2  8  3

104
  3  2  8
  1  4  6
  0  7  5

105
  0  2  1
  7  3  5
  8  4  6

106
  8  0  5
  1  3  7
  2  6  4

107
  8  1  7
  3  6  2
  0  4  5

108
  0  6  7
  4  5  3
  1  2  8

109
  0  2  1
  3  7  4
  5  6  8

110
  6  3  0
  2  4  5
  8  1  7

111
  3  0  6
  8  2  7
  5  4  1

112
  6  5  4
  7  0  3
  1  8  2

113
  5  4  3
  2  6  7
  1  0  8

114
  1  7  8
  0  2  5
  4  6  3

115
  1  5  3
  6  8  2
  7  0  4

116
  4  0  2
  3  6  7
  5  1  8

117
  8  7  1
  3  6  4
  2  5  0

118
  7  8  4
  6  2  5
  1  0  3

119
  4  3  8
  0  7  5
  1  2  6

120
  8  0  2
  1  6  5
  4  3  7

121
  8  0  7
  1  5  4
  3  6  2

122
  0  3  7
  1  8  4
  5  6  2

123
  6  8  2
  7  3  4
  1  5  0

124
  6  4  3
  7  8  1
  2  0  5

125
  7  3  2
  4  5  6
  0  1  8

126
  3  2  4
  8  0  7
  1  6  5

127
  7  1  2
  8  0  3
  5  6  4

128
  2  0  8
  6  3  5
  4  7  1

129
  2  6  3
  0  1  5
  4  8  7

130
  6  7  2
  3  5  8
  1  4  0

131
  3  0  7
  2  1  6
  4  5  8

132
  1  4  3
  0  5  8
  6  2  7

133
  4  5  2
  8  0  3
  7  1  6

134
  3  7  0
  4  2  6
  8  1  5

135
  0  4  5
  8  6  3
  2  7  1

136
  3  7  6
  8  1  4
  0  2  5

137
  4  3  0
  6  2  7
  8  5  1

138
  5  3  8
  7  1  0
  6  4  2

139
  7  6  3
  0  8  1
  5  4  2

140
  1  0  2
  5  3  8
  7  6  4

141
  2  0  8
  1  3  7
  6  4  5

142
  3  0  5
  6  1  4
  2  8  7

143
  3  4  6
  1  0  7
  5  2  8

144
  3  7  2
  6  1  5
  0  4  8

145
  3  6  1
  5  4  0
  8  7  2

146
  8  4  3
  6  0  7
  2  5  1

147
  0  7  1
  2  4  3
  8  6  5

148
  0  8  7
  2  5  3
  4  6  1

149
  8  5  4
  6  3  1
  0  7  2

150
  2  3  7
  4  8  1
  5  6  0

151
  7  2  5
  0  8  1
  3  4  6

152
  5  7  0
  6  3  8
  4  1  2

153
  2  4  1
  5  7  8
  3  6  0

154
  3  0  7
  5  6  8
  2  4  1

155
  7  5  8
  4  0  3
  6  1  2

156
  5  6  1
  3  2  0
  8  7  4

157
  8  0  7
  2  4  1
  6  3  5

158
  5  4  7
  3  1  6
  2  0  8

159
  4  7  2
  1  0  6
  8  5  3

160
  0  2  5
  6  8  4
  1  7  3

161
  6  8  0
  2  1  3
  4  5  7

162
  7  2  5
  4  3  0
  8  6  1

163
  2  7  6
  3  4  1
  0  5  8

164
  4  1  8
  0  3  2
  5  7  6

165
  5  8  0
  4  2  7
  1  6  3

166
  0  7  2
  3  6  4
  8  1  5

167
  7  2  1
  3  8  4
  5  6  0

168
  3  7  6
  4  2  1
  5  0  8

169
  8  6  7
  3  0  1
  2  5  4

170
  8  1  0
  3  5  7
  4  2  6

171
  4  0  7
  3  2  5
  1  6  8

172
  8  3  0
  2  7  1
  6  4  5

173
  7  0  5
  2  8  1
  3  6  4

174
  8  1  6
  0  3  7
  2  5  4

175
  1  8  7
  6  5  0
  4  2  3

176
  0  2  3
  7  5  4
  6  1  8

177
  0  8  1
  7  4  5
  2  3  6

178
  7  3  0
  6  8  2
  1  5  4

179
  3  0  2
  4  8  7
  6  5  1

180
  3  5  1
  0  4  6
  7  2  8

181
  8  4  3
  6  0  2
  1  5  7

182
  0  6  5
  3  2  4
  8  7  1

183
  8  2  4
  3  0  6
  1  7  5

184
  1  7  8
  6  4  3
  5  0  2

185
  2  3  1
  4  8  7
  6  0  5

186
  8  1  7
  2  0  5
  6  3  4

187
  7  6  1
  4  2  5
  0  3  8

188
  7  8  5
  3  6  1
  0  4  2

189
  1  6  3
  2  5  7
  8  4  0

190
  0  6  3
  4  7  1
  2  5  8

191
  0  8  4
  2  5  3
  6  7  1

192
  0  7  4
  2  1  5
  8  6  3

193
  7  5  6
  2  4  0
  1  8  3

194
  5  2  0
  7  6  4
  8  1  3

195
  5  1  6
  2  7  3
  8  4  0

196
  7  1  8
  3  5  4
  0  6  2

197
  0  7  2
  3  4  6
  5  1  8

198
  0  8  6
  5  1  4
  2  3  7

199
  3  7  8
  2  6  0
  1  4  5

200
  0  2  6
  4  1  8
  3  5  7

201
  7  1  0
  3  5  8
  6  2  4

202
  2  1  0
  7  6  8
  3  5  4

203
  6  1  5
  4  0  8
  3  2  7

204
  6  4  2
  1  5  8
  0  3  7

205
  5  7  4
  6  8  1
  2  3  0

206
  3  4  7
  2  1  5
  8  6  0

207
  8  7  4
  3  6  0
  5  2  1

208
  4  5  3
  0  6  2
  8  7  1

209
  1  3  4
  5  6  7
  0  8  2

210
  5  8  6
  3  7  2
  1  0  4

211
  8  6  4
  5  0  2
  3  1  7

212
  4  5  2
  0  3  7
  6  8  1

213
  3  1  5
  0  6  2
  8  4  7

214
  7  3  5
  0  4  6
  1  8  2

215
  8  7  3
  6  5  4
  1  2  0

216
  5  0  8
  6  3  4
  7  1  2

217
  7  0  8
  5  6  4
  2  1  3

218
  4  7  6
  5  1  0
  3  2  8

219
  5  7  1
  8  3  6
  2  0  4

220
  3  7  0
  2  8  4
  1  6  5

221
  1  3  2
  0  7  5
  4  8  6

222
  3  5  4
  1  8  7
  2  6  0

223
  7  6  8
  0  4  5
  1  2  3

224
  4  7  8
  3  6  1
  0  2  5

225
  3  4  6
  8  2  7
  1  0  5

226
  6  5  8
  0  1  4
  7  2  3

227
  0  6  1
  4  5  8
  2  3  7

228
  2  0  6
  1  4  5
  8  7  3

229
  7  8  2
  3  6  4
  1  0  5

230
  5  6  1
  2  8  4
  0  3  7

231
  4  0  2
  1  7  8
  3  5  6

232
  5  4  3
  0  2  8
  6  1  7

233
  2  5  1
  7  6  0
  3  8  4

234
  4  6  8
  0  2  5
  1  7  3

235
  6  8  4
  3  1  5
  7  0  2

236
  5  8  1
  6  2  7
  4  0  3

237
  6  1  7
  0  2  3
  4  8  5

238
  1  3  4
  6  2  5
  7  0  8

239
  2  6  3
  4  8  1
  5  7  0

240
  2  7  4
  1  8  0
  6  5  3

241
  2  6  5
  8  0  1
  3  4  7

242
  8  2  3
  5  4  1
  6  0  7

243
  0  6  5
  8  3  7
  4  2  1

244
  6  4  0
  8  5  1
  2  3  7

245
  0  4  5
  1  8  3
  2  7  6

246
  2  3  0
  4  8  7
  6  1  5

247
  3  6  8
  2  0  4
  7  5  1

248
  3  4  5
  6  2  8
  7  1  0

249
  3  8  4
  2  0  7
  5  6  1

250
  0  4  3
  6  7  8
  1  2  5

251
  1  6  2
  5  3  8
  4  7  0

252
  7  2  5
  6  0  1
  4  3  8

253
  7  3  0
  8  6  1
  5  4  2

254
  4  3  8
  7  2  1
  6  5  0

255
  2  4  1
  6  0  7
  5  3  8

256
  0  8  4
  7  5  2
  1  6  3

257
  7  3  1
  4  2  5
  0  8  6

258
  2  7  1
  3  6  0
  5  8  4

259
  1  2  4
  0  5  3
  6  7  8

260
  2  6  0
  5  7  1
  3  8  4

261
  6  1  8
  7  2  4
  5  0  3

262
  2  8  7
  1  0  6
  3  5  4

263
  4  3  5
  0  2  6
  1  8  7

264
  6  4  3
  0  2  5
  8  1  7

265
  7  5  6
  2  4  8
  3  1  0

266
  0  4  2
  8  5  3
  1  6  7

267
  2  8  7
  0  5  4
  6  3  1

268
  3  8  6
  1  5  4
  0  7  2

269
  3  8  2
  5  7  1
  4  0  6

270
  6  3  1
  7  2  8
  4  0  5

271
  6  5  8
  7  0  2
  4  3  1

272
  1  0  6
  2  7  3
  4  8  5

273
  6  8  0
  4  5  7
  2  3  1

274
  6  0  1
  2  5  3
  7  4  8

275
  2  6  0
  8  3  7
  5  1  4

276
  4  7  0
  3  5  2
  6  1  8

277
  2  6  4
  3  5  0
  1  8  7

278
  2  4  3
  8  6  1
  5  7  0

279
  2  7  8
  1  3  6
  5  0  4

280
  8  7  1
  6  0  2
  4  3  5

281
  1  0  7
  5  3  2
  6  4  8

282
  3  4  6
  0  5  2
  8  1  7

283
  2  1  4
  8  5  7
  6  0  3

284
  6  4  1
  5  8  0
  7  3  2

285
  7  3  8
  6  5  2
  4  1  0

286
  7  4  6
  1  5  0
  2  8  3

287
  0  3  8
  2  5  1
  6  4  7

288
  5  8  1
  3  2  7
  0  6  4

289
  0  7  8
  3  5  4
  1  6  2

290
  2  0  3
  4  8  7
  1  5  6

291
  3  4  5
  0  7  2
  6  8  1

292
  5  2  6
  3  7  0
  1  8  4

293
  8  0  3
  5  2  6
  1  7  4

294
  8  4  7
  0  5  6
  3  2  1

295
  6  1  5
  2  8  4
  0  3  7

296
  8  5  6
  1  7  4
  0  2  3

297
  5  8  4
  7  2  1
  0  3  6

298
  8  4  5
  6  0  1
  2  3  7

299
  4  1  3
  8  5  2
  7  6  0

300
  1  2  4
  5  0  3
  8  6  7

301
  3  8  5
  4  1  2
  7  6  0

302
  0  2  3
  1  8  4
  6  7  5

303
  8  2  1
  3  0  7
  4  6  5

304
  3  7  8
  6  2  1
  0  5  4

305
  3  5  6
  1  8  7
  4  2  0

306
  8  5  6
  2  3  0
  7  4  1

307
  1  6  8
  5  0  7
  2  4  3

308
  2  0  6
  4  5  1
  8  7  3

309
  3  6  4
  7  2  5
  8  0  1

310
  8  7  6
  2  3  1
  4  5  0

311
  6  0  3
  5  1  8
  7  4  2

312
  2  6  4
  3  1  8
  5  0  7

313
  8  2  7
  5  1  3
  4  6  0

314
  5  4  2
  8  7  1
  6  3  0

315
  0  1  3
  5  7  2
  6  8  4

316
  5  6  4
  7  2  0
  3  1  8

317
  6  7  1
  5  8  0
  2  3  4

318
  8  0  3
  5  7  2
  1  6  4

319
  3  2  5
  8  4  0
  7  1  6

320
  8  2  6
  7  1  3
  4  5  0

321
  5  7  1
  3  0  8
  6  4  2

322
  0  2  5
  7  1  6
  4  8  3

323
  1  5  6
  7  4  3
  0  2  8

324
  0  3  2
  8  7  6
  5  4  1

325
  8  4  3
  2  5  1
  0  6  7

326
  5  6  8
  3  2  4
  7  1  0

327
  0  7  5
  3  8  6
  4  2  1

328
  0  8  5
  2  1  4
  6  3  7

329
  6  3  1
  0  7  4
  5  2  8

330
  2  7  4
  3  5  8
  0  1  6

331
  3  6  2
  1  5  0
  7  8  4

332
  7  2  1
  0  6  8
  3  5  4

333
  2  7  3
  6  0  5
  8  1  4

334
  8  7  4
  1  6  0
  5  3  2

335
  6  5  0
  1  2  4
  8  3  7

336
  6  0  8
  1  3  2
  5  7  4

337
  4  0  7
  3  5  2
  1  8  6

338
  7  2  8
  0  5  1
  4  3  6

339
  0  7  2
  8  1  3
  4  5  6

340
  7  4  3
  6  0  8
  5  2  1

341
  5  7  8
  0  6  2
  1  4  3

342
  0  7  5
  2  6  1
  3  4  8

343
  2  7  4
  8  3  6
  5  1  0

344
  7  5  8
  0  2  4
  3  6  1

345
  7  6  1
  3  5  2
  4  0  8

346
  4  5  2
  3  0  1
  8  6  7

347
  6  0  3
  4  1  7
  5  2  8

348
  5  0  4
  1  6  8
  3  7  2

349
  8  2  6
  7  4  5
  1  0  3

350
  6  3  7
  4  5  8
  2  0  1

351
  1  8  2
  3  4  7
  5  6  0

352
  7  1  4
  3  6  5
  0  2  8

353
  3  6  8
  1  5  7
  0  4  2

354
  7  6  2
  3  4  0
  8  1  5

355
  4  8  7
  6  0  1
  5  2  3

356
  7  6  0
  4  2  5
  8  3  1

357
  8  1  7
  5  0  3
  2  4  6

358
  3  6  4
  1  5  0
  2  8  7

359
  4  1  3
  6  2  8
  5  7  0

360
  4  2  1
  5  8  0
  3  6  7

361
  0  8  4
  6  7  1
  5  2  3

362
  4  5  1
  2  6  0
  3  8  7

363
  8  4  1
  2  0  6
  5  7  3

364
  7  0  6
  2  3  1
  4  8  5

365
  2  6  1
  7  3  8
  0  4  5

366
  0  4  5
  1  6  7
  8  2  3

367
  1  5  7
  4  6  8
  3  2  0

368
  0  1  3
  5  6  2
  4  8  7

369
  2  4  8
  0  1  6
  5  7  3

370
  2  7  0
  6  5  1
  8  4  3

371
  1  0  5
  4  8  2
  3  7  6

372
  3  4  5
  6  0  2
  8  7  1

373
  8  2  0
  4  7  6
  1  5  3

374
  4  8  7
  5  1  6
  3  0  2

375
  5  1  2
  8  0  3
  7  4  6

376
  3  0  7
  4  5  8
  2  6  1

377
  7  0  5
  6  8  2
  1  4  3

378
  7  1  8
  4  2  6
  5  3  0

379
  8  1  0
  7  2  3
  5  6  4

380
  1  5  8
  7  2  0
  4  6  3

381
  5  3  4
  6  8  2
  1  0  7

382
  2  1  6
  0  8  5
  4  7  3

383
  2  0  1
  3  8  7
  5  6  4

384
  7  1  8
  5  4  6
  0  2  3

385
  3  7  8
  0  2  4
  1  5  6

386
  4  6  8
  2  5  7
  0  3  1

387
  1  3  2
  8  4  7
  0  6  5

388
  8  2  7
  4  3  0
  6  1  5

389
  0  5  2
  6  8  7
  1  4  3

390
  8  5  7
  4  3  2
  1  6  0

391
  4  7  3
  1  8  6
  5  0  2

392
  7  6  0
  3  1  5
  4  2  8

393
  0  6  5
  1  7  4
  8  2  3

394
  6  0  1
  4  3  5
  8  7  2

395
  6  7  5
  0  2  1
  4  3  8

396
  4  6  5
  0  3  1
  2  7  8

397
  7  4  6
  5  1  0
  2  3  8

398
  8  3  1
  4  5  7
  6  2  0

399
  0  8  7
  1  3  2
  4  5  6

400
  3  2  8
  1  6  5
  0  7  4

401
  0  4  7
  6  3  5
  8  1  2

402
  7  0  4
  3  2  8
  5  1  6

403
  4  3  2
  1  8  6
  5  0  7

404
  0  4  8
  7  3  5
  2  6  1

405
  5  7  6
  8  3  1
  4  2  0

406
  2  0  3
  6  1  4
  8  7  5

407
  6  3  7
  8  2  4
  5  1  0

408
  1  7  5
  4  3  2
  8  6  0

409
  2  5  3
  4  8  0
  7  6  1

410
  8  5  1
  3  6  0
  7  2  4

411
  3  1  7
  4  8  5
  6  2  0

412
  1  3  2
  5  4  7
  8  0  6

413
  7  1  0
  5  6  8
  3  2  4

414
  0  3  2
  7  6  1
  8  4  5

415
  2  3  8
  6  0  7
  4  1  5

416
  7  1  6
  0  3  5
  2  8  4

417
  3  6  5
  1  0  7
  8  4  2

418
  5  3  1
  2  7  0
  6  8  4

419
  2  5  6
  3  0  4
  8  7  1

420
  4  0  1
  5  8  7
  3  6  2

421
  4  5  2
  7  8  0
  3  1  6

422
  4  7  3
  1  8  0
  5  2  6

423
  1  3  5
  6  7  2
  8  0  4

424
  7  1  2
  0  4  6
  8  5  3

425
  0  2  5
  1  6  7
  4  8  3

426
  5  3  1
  8  7  4
  2  0  6

427
  8  3  1
  6  2  0
  7  4  5

428
  2  8  1
  5  3  0
  4  7  6

429
  8  4  1
  2  3  5
  6  7  0

430
  4  3  5
  2  6  7
  0  1  8

431
  4  0  8
  1  5  3
  7  2  6

432
  1  4  8
  2  0  3
  6  5  7

433
  0  2  6
  5  8  3
  7  4  1

434
  6  3  1
  7  0  8
  4  2  5

435
  4  8  6
  7  5  0
  2  3  1

436
  6  2  1
  4  7  3
  8  0  5

437
  1  7  6
  2  0  5
  3  8  4

438
  7  8  1
  0  4  2
  6  3  5

439
  6  3  2
  0  8  7
  1  5  4

440
  3  4  6
  2  8  1
  7  5  0

441
  5  6  3
  7  8  1
  0  2  4

442
  1  3  0
  6  5  7
  4  8  2

443
  8  6  4
  0  5  2
  1  7  3

444
  1  4  3
  0  5  2
  8  6  7

445
  4  3  1
  8  6  0
  5  2  7

446
  2  0  7
  8  3  5
  1  4  6

447
  1  5  3
  0  7  6
  4  2  8

448
  7  6  3
  5  2  8
  4  0  1

449
  6  4  8
  1  7  5
  0  2  3

450
  2  8  7
  6  5  3
  0  1  4

451
  0  2  3
  8  4  7
  5  1  6

452
  1  0  6
  4  8  3
  2  7  5

453
  6  8  0
  1  4  7
  2  3  5

454
  6  0  7
  4  3  1
  5  2  8

455
  6  8  4
  7  2  5
  3  0  1

456
  3  4  2
  7  0  6
  8  1  5

457
  1  5  2
  8  3  6
  4  0  7

458
  2  1  3
  0  5  6
  4  8  7

459
  5  3  4
  8  7  2
  1  6  0

460
  0  6  3
  7  5  4
  8  1  2

461
  8  5  4
  6  2  3
  7  1  0

462
  2  5  8
  4  0  3
  7  1  6

463
  5  6  7
  8  0  4
  3  2  1

464
  5  2  3
  0  6  7
  4  8  1

465
  0  2  5
  7  1  8
  3  6  4

466
  5  8  3
  1  0  4
  6  2  7

467
  6  5  3
  8  4  0
  7  2  1

468
  8  5  2
  1  0  3
  4  6  7

469
  5  7  4
  2  1  6
  0  3  8

470
  7  5  2
  8  4  0
  6  3  1

471
  2  4  8
  1  7  5
  3  6  0

472
  2  8  7
  5  6  4
  1  3  0

473
  4  6  3
  7  2  5
  1  8  0

474
  4  7  5
  0  6  3
  1  2  8

475
  6  7  3
  4  2  1
  0  8  5

476
  3  2  0
  6  7  4
  8  1  5

477
  2  6  8
  3  7  1
  4  5  0

478
  8  0  4
  5  6  7
  3  2  1

479
  3  5  8
  7  0  1
  6  2  4

480
  5  1  3
  8  0  6
  2  7  4

481
  0  5  4
  7  1  2
  8  6  3

482
  5  3  0
  4  7  6
  2  1  8

483
  8  3  4
  6  7  2
  1  5  0

484
  2  0  5
  6  3  7
  4  8  1

485
  0  6  3
  8  5  1
  2  7  4

486
  6  3  7
  8  2  4
  0  5  1

487
  8  1  0
  7  5  2
  4  3  6

488
  3  6  1
  2  0  5
  4  8  7

489
  2  4  6
  7  3  0
  8  1  5

490
  4  7  3
  0  8  5
  6  1  2

491
  3  5  1
  6  8  7
  2  4  0

492
  0  3  4
  6  2  7
  8  1  5

493
  5  2  1
  8  3  6
  4  0  7

494
  4  7  5
  6  1  3
  0  8  2

495
  1  2  0
  7  4  5
  3  6  8

496
  3  2  5
  8  7  6
  1  4  0

497
  4  1  7
  2  6  8
  0  5  3

498
  8  3  5
  6  4  7
  2  1  0

499
  8  4  2
  6  3  5
  1  7  0

500
  3  8  0
  2  1  7
  5  6  4

501
  4  1  7
  5  3  2
  6  8  0

502
  8  4  5
  7  3  6
  0  2  1

503
  1  5  6
  2  3  4
  7  0  8

504
  7  5  6
  8  2  3
  0  1  4

505
  2  8  4
  7  6  3
  5  0  1

506
  8  5  1
  7  0  6
  2  3  4

507
  4  7  8
  1  6  0
  5  2  3

508
  7  0  4
  2  3  6
  8  5  1

509
  0  6  5
  4  1  2
  8  3  7

510
  3  5  1
  6  8  0
  2  4  7

511
  4  6  8
  3  7  0
  1  5  2

512
  4  3  8
  7  1  2
  5  0  6

513
  6  8  3
  2  4  1
  0  7  5

514
  1  2  3
  6  7  0
  5  8  4

515
  0  6  8
  7  2  5
  1  3  4

516
  3  5  2
  1  6  7
  0  4  8

517
  7  3  4
  0  6  2
  1  5  8

518
  6  5  7
  0  8  2
  4  1  3

519
  5  8  1
  6  4  2
  7  0  3

520
  2  0  1
  4  3  6
  5  8  7

521
  1  3  7
  8  4  0
  2  5  6

522
  6  1  5
  0  2  4
  7  3  8

523
  5  8  3
  2  1  6
  4  0  7

524
  5  1  8
  0  3  4
  6  2  7

525
  7  3  1
  0  5  6
  4  8  2

526
  4  6  0
  2  8  7
  3  1  5

527
  7  8  3
  4  1  2
  0  5  6

528
  0  8  2
  6  7  3
  5  4  1

529
  6  1  5
  0  3  2
  4  8  7

530
  3  0  5
  7  1  6
  4  2  8

531
  4  0  6
  7  8  2
  3  5  1

532
  3  2  7
  5  4  6
  8  0  1

533
  6  2  7
  5  1  8
  0  4  3

534
  1  7  2
  0  8  6
  4  5  3

535
  2  0  6
  3  1  4
  8  5  7

536
  4  0  8
  5  6  7
  2  3  1

537
  0  1  2
  6  3  4
  8  7  5

538
  2  7  8
  5  1  3
  4  0  6

539
  0  7  2
  5  3  8
  1  4  6

540
  6  2  1
  8  3  7
  4  5  0

541
  0  5  3
  6  7  8
  1  4  2

542
  8  4  1
  5  6  7
  2  3  0

543
  6  2  8
  3  0  5
  7  1  4

544
  6  7  1
  0  8  3
  5  4  2

545
  8  1  2
  6  3  0
  5  7  4

546
  0  1  6
  3  2  7
  8  5  4

547
  4  2  3
  1  6  5
  7  0  8

548
  2  0  6
  4  8  1
  3  7  5

549
  6  1  0
  5  7  8
  4  2  3

550
  8  7  2
  4  1  0
  5  6  3

551
  7  3  2
  6  0  5
  4  8  1

552
  8  7  4
  6  5  0
  3  2  1

553
  5  7  8
  6  3  2
  4  0  1

554
  0  7  2
  6  1  5
  8  4  3

555
  5  4  1
  6  2  8
  7  3  0

556
  0  1  8
  6  5  4
  2  7  3

557
  7  8  2
  1  3  5
  4  0  6

558
  1  3  8
  7  4  2
  6  5  0

559
  7  4  0
  1  2  8
  6  3  5

560
  6  4  7
  5  8  2
  0  3  1

561
  6  1  2
  5  0  8
  4  7  3

562
  0  3  4
  5  6  7
  2  8  1

563
  4  8  0
  7  5  6
  3  1  2

564
  6  7  3
  8  5  0
  4  2  1

565
  7  3  8
  2  0  1
  4  5  6

566
  1  7  2
  5  8  4
  0  6  3

567
  0  3  8
  4  5  6
  7  1  2

568
  2  7  5
  6  1  0
  8  3  4

569
  0  1  2
  4  5  6
  8  7  3

570
  6  0  1
  5  3  2
  8  7  4

571
  2  5  3
  1  8  0
  7  4  6

572
  2  8  6
  3  1  0
  7  4  5

573
  7  6  5
  2  1  3
  0  4  8

574
  0  5  2
  1  8  7
  3  4  6

575
  1  7  0
  4  5  6
  3  2  8

576
  3  4  1
  0  2  6
  7  5  8

577
  2  8  1
  4  6  7
  3  0  5

578
  1  6  8
  4  7  2
  3  0  5

579
  0  5  4
  6  2  8
  1  3  7

580
  0  4  8
  5  3  6
  2  7  1

581
  1  7  6
  0  3  2
  5  8  4

582
  2  3  5
  8  6  0
  1  4  7

583
  1  5  3
  4  6  8
  2  7  0

584
  7  1  6
  5  2  4
  3  8  0

585
  3  0  8
  6  5  4
  1  7  2

586
  3  7  1
  8  4  2
  5  0  6

587
  2  5  8
  0  1  3
  6  4  7

588
  4  2  8
  1  5  3
  6  0  7

589
  3  4  1
  0  6  8
  5  2  7

590
  8  2  5
  6  1  3
  4  7  0

591
  2  4  0
  6  5  3
  1  8  7

592
  1  6  2
  5  3  8
  4  0  7

593
  6  8  5
  7  4  2
  3  1  0

594
  3  1  4
  8  7  5
  0  6  2

595
  7  0  8
  2  6  5
  4  1  3

596
  2  6  8
  3  7  0
  1  4  5

597
  4  2  5
  7  8  6
  1  3  0

598
  2  5  3
  7  4  6
  1  0  8

599
  0  6  4
  8  1  2
  3  7  5

600
  7  6  5
  0  1  4
  8  3  2

601
  6  4  0
  2  3  7
  1  5  8

602
  6  1  0
  2  3  7
  4  8  5

603
  3  4  0
  7  5  2
  6  1  8

604
  1  4  3
  2  6  5
  7  8  0

605
  6  5  4
  0  3  8
  7  2  1

606
  3  0  5
  2  1  4
  8  6  7

607
  3  0  1
  7  6  5
  8  4  2

608
  3  5  2
  4  1  0
  7  6  8

609
  7  8  3
  2  5  0
  1  6  4

610
  5  4  2
  0  8  6
  7  1  3

611
  0  1  3
  8  5  4
  6  2  7

612
  6  8  3
  2  7  0
  4  1  5

613
  0  5  2
  3  8  1
  6  7  4

614
  5  8  2
  4  0  1
  3  7  6

615
  4  0  7
  6  2  5
  1  8  3

616
  5  4  8
  0  6  7
  2  3  1

617
  8  7  2
  1  0  3
  4  5  6

618
  2  1  4
  7  6  0
  8  5  3

619
  4  8  0
  5  3  1
  6  7  2

620
  7  3  8
  4  1  2
  6  0  5

621
  8  0  1
  2  6  5
  7  3  4

622
  6  4  7
  5  3  0
  2  1  8

623
  2  4  7
  1  5  3
  6  0  8

624
  4  7  2
  8  5  3
  0  1  6

625
  2  0  1
  4  3  7
  5  6  8

626
  7  5  3
  8  4  0
  2  6  1

627
  6  2  8
  1  3  5
  4  7  0

628
  8  6  1
  5  7  4
  2  3  0

629
  8  2  6
  5  1  4
  3  7  0

630
  3  0  6
  4  7  2
  1  5  8

631
  2  4  5
  7  0  6
  1  3  8

632
  7  4  0
  3  8  5
  2  1  6

633
  0  4  7
  5  3  8
  6  1  2

634
  5  1  6
  0  4  7
  8  3  2

635
  8  1  6
  4  5  7
  0  3  2

636
  6  1  7
  4  0  3
  2  5  8

637
  3  1  5
  4  8  0
  7  2  6

638
  5  1  3
  2  8  6
  7  4  0

639
  5  0  3
  7  6  2
  4  8  1

640
  1  2  6
  0  7  5
  8  3  4

641
  7  3  8
  0  6  2
  4  5  1

642
  7  1  5
  2  0  3
  4  8  6

643
  2  8  1
  4  5  6
  0  3  7

644
  6  8  2
  7  5  1
  0  4  3

645
  5  3  4
  0  7  1
  8  6  2

646
  0  6  3
  7  8  1
  4  2  5

647
  6  7  5
  8  4  1
  0  3  2

648
  6  8  5
  0  2  4
  7  1  3

649
  4  7  1
  6  3  5
  0  8  2

650
  6  1  4
  7  2  3
  5  8  0

651
  4  2  5
  7  1  6
  3  0  8

652
  8  7  4
  1  2  0
  6  3  5

653
  2  8  0
  7  4  1
  5  6  3

654
  1  4  6
  5  0  7
  3  2  8

655
  0  7  6
  1  8  5
  3  4  2

656
  6  1  8
  0  2  7
  5  4  3

657
  8  3  4
  1  2  0
  7  6  5

658
  8  2  1
  6  7  0
  4  5  3

659
  4  8  5
  3  6  7
  1  0  2

660
  4  8  5
  3  7  6
  2  1  0

661
  1  6  5
  2  0  3
  8  7  4

662
  6  7  5
  8  0  1
  4  2  3

663
  6  1  4
  5  2  0
  3  8  7

664
  5  0  2
  3  4  7
  8  6  1

665
  8  0  2
  3  5  1
  6  4  7

666
  2  5  0
  1  3  8
  6  4  7

667
  5  1  6
  3  2  8
  4  7  0

668
  0  8  7
  1  3  5
  6  2  4

669
  5  4  7
  0  2  1
  6  8  3

670
  3  4  2
  6  1  8
  0  7  5

671
  3  1  0
  5  7  2
  6  4  8

672
  8  4  1
  2  5  0
  6  3  7

673
  6  2  1
  8  7  5
  0  4  3

674
  7  6  5
  1  3  4
  8  0  2

675
  6  7  8
  2  3  5
  4  0  1

676
  1  3  6
  0  7  4
  5  8  2

677
  7  1  2
  6  8  4
  5  3  0

678
  1  8  5
  3  4  6
  0  2  7

679
  1  2  6
  8  7  3
  0  4  5

680
  1  3  2
  6  5  8
  4  7  0

681
  2  6  1
  3  5  0
  7  8  4

682
  7  6  3
  1  5  4
  2  8  0

683
  5  6  3
  2  1  0
  8  7  4

684
  4  6  7
  3  5  8
  0  2  1

685
  5  7  3
  4  2  8
  1  6  0

686
  5  8  3
  2  1  6
  0  4  7

687
  5  1  2
  4  8  0
  6  7  3

688
  4  2  1
  6  0  7
  5  8  3

689
  1  4  3
  8  2  7
  6  5  0

690
  2  1  3
  6  4  5
  8  0  7

691
  4  2  0
  6  3  1
  8  5  7

692
  6  2  5
  4  8  7
  1  3  0

693
  5  4  1
  3  6  7
  2  8  0

694
  4  1  3
  7  6  5
  0  2  8

695
  3  5  8
  7  2  6
  0  4  1

696
  1  6  4
  8  5  2
  3  0  7

697
  6  3  0
  1  4  2
  7  8  5

698
  5  7  2
  3  8  4
  0  6  1

699
  0  6  7
  4  1  5
  8  3  2

700
  8  0  2
  3  7  5
  6  4  1

701
  3  7  6
  8  5  1
  2  4  0

702
  5  6  2
  0  1  4
  7  8  3

703
  3  7  1
  5  8  2
  0  4  6

704
  5  8  7
  0  6  2
  3  4  1

705
  1  5  2
  8  4  0
  6  7  3

706
  3  8  2
  0  5  6
  4  1  7

707
  1  8  3
  5  2  0
  6  4  7

708
  6  8  7
  5  0  3
  4  1  2

709
  1  5  4
  3  6  7
  2  0  8

710
  0  6  3
  1  4  2
  5  7  8

711
  7  2  3
  1  5  6
  4  8  0

712
  1  4  2
  3  6  0
  5  8  7

713
  2  8  1
  7  0  5
  6  4  3

714
  4  5  8
  3  6  0
  1  7  2

715
  1  3  8
  2  6  5
  7  0  4

716
  7  4  5
  6  8  0
  2  3  1

717
  0  3  7
  1  5  6
  2  8  4

718
  5  8  4
  6  1  3
  7  2  0

719
  8  2  4
  6  5  0
  1  7  3

720
  7  5  1
  6  0  3
  2  4  8

721
  3  0  6
  4  8  7
  5  2  1

722
  7  6  2
  1  5  3
  0  4  8

723
  3  0  7
  4  8  1
  5  2  6

724
  8  5  3
  2  1  4
  6  7  0

725
  1  4  0
  7  6  3
  5  8  2

726
  7  8  6
  0  4  3
  5  1  2

727
  2  3  5
  1  6  7
  0  4  8

728
  5  7  2
  8  0  6
  4  3  1

729
  7  4  8
  5  1  3
  2  0  6

730
  4  1  6
  8  2  7
  0  3  5

731
  1  2  7
  4  5  8
  3  6  0

732
  3  5  2
  4  8  0
  1  6  7

733
  5  4  8
  0  2  7
  3  6  1

734
  0  1  6
  7  4  2
  3  5  8

735
  7  4  6
  8  0  5
  2  3  1

736
  8  5  4
  3  1  0
  6  7  2

737
  4  6  1
  7  0  8
  3  2  5

738
  2  6  1
  5  7  0
  4  3  8

739
  1  5  4
  6  2  7
  3  8  0

740
  0  5  3
  2  1  6
  4  7  8

741
  2  3  0
  4  7  6
  5  8  1

742
  6  4  1
  3  0  5
  7  8  2

743
  2  8  3
  1  7  0
  5  4  6

744
  2  6  7
  5  3  1
  8  0  4

745
  1  3  6
  8  5  2
  4  7  0

746
  4  3  6
  7  1  8
  0  5  2

747
  2  1  8
  7  0  5
  4  6  3

748
  4  3  7
  1  0  6
  2  8  5

749
  7  1  4
  2  0  3
  5  6  8

750
  2  0  4
  1  5  6
  8  7  3

751
  0  3  4
  1  8  6
  2  5  7

752
  0  2  5
  7  3  4
  8  1  6

753
  0  4  5
  3  7  2
  1  6  8

754
  5  8  2
  4  6  3
  1  7  0

755
  8  0  5
  2  3  6
  4  1  7

756
  6  0  2
  8  5  1
  7  3  4

757
  4  1  2
  8  0  3
  5  7  6

758
  8  1  7
  5  2  6
  0  4  3

759
  1  8  2
  5  0  3
  7  4  6

760
  4  6  8
  3  7  5
  2  1  0

761
  4  3  0
  6  5  8
  1  7  2

762
  3  6  1
  0  5  4
  2  8  7

763
  0  8  1
  4  5  7
  2  3  6

764
  2  0  3
  6  1  8
  4  5  7

765
  4  0  2
  8  5  3
  7  1  6

766
  3  2  1
  8  6  4
  7  0  5

767
  1  0  7
  2  3  5
  8  4  6

768
  6  7  0
  5  4  8
  1  2  3

769
  0  5  8
  2  6  1
  7  3  4

770
  1  8  6
  3  5  2
  0  7  4

771
  6  3  5
  0  8  4
  7  1  2

772
  4  8  7
  6  2  0
  3  1  5

773
  6  2  5
  0  4  3
  8  1  7

774
  1  8  6
  2  4  3
  7  5  0

775
  7  2  3
  0  5  1
  8  4  6

776
  2  0  5
  6  3  8
  7  4  1

777
  8  2  3
  7  5  6
  4  0  1

778
  1  4  6
  8  3  5
  7  2  0

779
  2  7  3
  8  0  5
  6  4  1

780
  2  6  3
  4  5  8
  0  1  7

781
  3  6  1
  0  7  5
  8  4  2

782
  5  4  3
  7  8  1
  6  0  2

783
  8  2  6
  4  7  0
  1  5  3

784
  0  3  7
  1  4  6
  2  5  8

785
  1  0  7
  8  3  5
  6  4  2

786
  5  0  1
  2  6  4
  3  8  7

787
  1  0  7
  8  3  2
  4  6  5

788
  4  7  1
  6  8  0
  2  3  5

789
  1  8  5
  3  2  6
  7  4  0

790
  4  1  7
  6  3  8
  5  2  0

791
  6  4  1
  5  7  2
  3  8  0

792
  6  7  5
  2  4  8
  3  0  1

793
  2  6  3
  4  0  1
  7  5  8

794
  0  5  3
  8  1  7
  6  2  4

795
  8  4  3
  2  1  0
  7  6  5

796
  1  6  8
  0  4  2
  5  3  7

797
  3  8  4
  1  6  5
  7  2  0

798
  0  7  8
  1  6  5
  4  3  2

799
  5  2  0
  6  4  8
  7  3  1

800
  1  3  5
  6  0  4
  7  8  2

801
  7  2  6
  0  8  5
  1  3  4

802
  6  0  8
  2  4  5
  1  3  7

803
  2  6  4
  3  5  1
  8  7  0

804
  6  1  4
  2  0  5
  3  7  8

805
  8  2  5
  3  7  0
  6  4  1

806
  7  3  0
  2  4  8
  6  5  1

807
  5  6  4
  8  1  7
  3  2  0

808
  2  7  8
  3  1  0
  6  4  5

809
  8  2  0
  3  4  5
  7  6  1

810
  7  5  2
  0  1  4
  3  6  8

811
  7  8  6
  3  1  4
  2  5  0

812
  2  4  6
  0  7  5
  8  3  1

813
  5  6  8
  1  3  7
  2  0  4

814
  3  0  4
  8  1  7
  2  5  6

815
  0  4  2
  8  3  5
  6  1  7

816
  2  5  6
  8  3  7
  1  4  0

817
  4  6  5
  1  7  8
  2  0  3

818
  8  6  3
  1  4  7
  0  5  2

819
  3  2  8
  5  7  4
  1  0  6

820
  3  1  7
  4  8  2
  5  0  6

821
  3  0  7
  4  2  8
  1  6  5

822
  5  8  1
  2  6  4
  7  0  3

823
  3  0  7
  4  6  8
  5  2  1

824
  1  2  7
  3  4  6
  8  5  0

825
  5  7  4
  8  0  3
  2  6  1

826
  8  2  0
  7  6  1
  4  3  5

827
  4  3  6
  5  0  1
  8  2  7

828
  6  5  0
  4  3  1
  8  2  7

829
  3  5  7
  6  0  4
  2  8  1

830
  5  3  0
  6  1  4
  8  2  7

831
  6  1  8
  4  3  7
  0  5  2

832
  2  8  4
  0  7  3
  1  5  6

833
  1  4  0
  7  2  8
  3  6  5

834
  8  7  5
  1  2  3
  0  6  4

835
  1  5  6
  3  0  8
  7  2  4

836
  5  7  4
  1  3  0
  6  2  8

837
  6  8  4
  7  3  5
  0  1  2

838
  0  1  8
  5  2  3
  7  6  4

839
  6  4  8
  7  2  1
  0  3  5

840
  5  0  4
  1  7  6
  3  8  2

841
  3  4  5
  8  2  7
  0  6  1

842
  0  2  3
  5  7  4
  1  6  8

843
  3  4  0
  8  1  2
  6  5  7

844
  5  8  6
  1  2  0
  7  3  4

845
  0  2  8
  3  5  4
  6  1  7

846
  4  3  1
  7  6  5
  8  2  0

847
  7  8  1
  3  5  2
  6  0  4

848
  5  6  0
  1  3  8
  4  7  2

849
  3  6  5
  1  0  7
  4  2  8

850
  5  2  4
  1  8  7
  0  3  6

851
  1  4  5
  8  7  2
  6  3  0

852
  3  2  6
  4  0  5
  1  7  8

853
  8  7  6
  2  5  1
  0  3  4

854
  8  0  4
  1  2  3
  7  5  6

855
  4  7  2
  8  0  1
  6  5  3

856
  4  8  7
  2  5  6
  3  0  1

857
  2  1  6
  4  7  5
  3  0  8

858
  2  5  8
  0  6  3
  7  4  1

859
  3  5  0
  8  6  2
  1  4  7

860
  3  0  5
  1  8  7
  4  6  2

861
  2  6  0
  3  1  8
  5  4  7

862
  1  6  3
  5  4  2
  0  7  8

863
  1  5  6
  3  4  0
  7  8  2

864
  4  7  5
  8  0  6
  2  3  1

865
  0  5  7
  1  6  3
  4  2  8

866
  2  7  0
  4  8  3
  6  5  1

867
  5  1  0
  8  4  2
  3  7  6

868
  1  5  8
  0  6  3
  7  2  4

869
  7  1  2
  0  3  6
  5  8  4

870
  2  0  8
  4  3  1
  6  7  5

871
  0  5  4
  3  7  2
  6  1  8

872
  4  0  7
  1  8  5
  3  6  2

873
  2  4  1
  3  6  7
  0  8  5

874
  3  0  6
  8  5  7
  1  4  2

875
  6  5  0
  4  2  1
  3  8  7

876
  6  8  5
  7  2  3
  4  0  1

877
  5  7  6
  3  2  0
  4  8  1

878
  0  4  7
  8  5  2
  6  3  1

879
  4  8  7
  0  1  6
  2  5  3

880
  7  2  3
  4  1  6
  5  0  8

881
  1  5  0
  4  8  7
  3  6  2

882
  8  0  5
  7  4  3
  1  6  2

883
  2  5  6
  1  7  8
  4  0  3

884
  7  1  0
  2  6  8
  5  3  4

885
  1  6  4
  3  2  0
  8  7  5

886
  8  1  7
  0  2  6
  5  4  3

887
  4  5  3
  6  0  7
  1  2  8

888
  4  7  5
  1  6  8
  3  0  2

889
  1  8  6
  2  4  7
  0  5  3

890
  7  4  2
  1  3  0
  8  5  6

891
  5  0  6
  4  7  3
  8  1  2

892
  4  6  5
  8  0  2
  7  3  1

893
  6  8  0
  7  3  1
  4  5  2

894
  2  5  6
  7  1  8
  3  0  4

895
  0  1  3
  7  5  8
  6  2  4

896
  3  4  2
  0  6  8
  1  5  7

897
  6  5  1
  3  8  7
  4  0  2

898
  7  8  0
  3  1  2
  6  4  5

899
  6  5  7
  0  2  1
  8  3  4

900
  4  2  3
  6  7  1
  8  0  5

901
  2  5  1
  8  0  3
  4  6  7

902
  3  7  8
  6  2  5
  4  1  0

903
  3  6  4
  7  0  5
  1  8  2

904
  5  7  6
  0  1  4
  8  3  2

905
  0  2  4
  5  3  7
  6  8  1

906
  1  7  8
  0  2  4
  3  6  5

907
  0  8  4
  2  1  5
  6  7  3

908
  4  8  7
  0  5  3
  6  2  1

909
  6  2  8
  4  0  5
  3  1  7

910
  2  5  4
  0  8  7
  6  3  1

911
  2  5  0
  6  8  7
  1  3  4

912
  0  4  1
  2  3  7
  8  6  5

913
  7  2  8
  3  5  6
  4  0  1

914
  8  1  7
  4  2  5
  6  0  3

915
  8  0  3
  6  5  2
  1  7  4

916
  4  1  8
  7  2  6
  3  5  0

917
  2  4  8
  3  6  5
  1  7  0

918
  3  0  8
  4  6  5
  2  1  7

919
  2  8  4
  6  1  5
  0  7  3

920
  3  1  0
  8  4  5
  2  7  6

921
  2  8  7
  5  0  1
  3  6  4

922
  8  3  0
  1  7  6
  5  2  4

923
  7  3  6
  0  8  1
  5  2  4

924
  2  6  8
  0  1  4
  5  3  7

925
  0  2  1
  6  8  3
  4  5  7

926
  0  8  2
  4  3  6
  7  5  1

927
  8  6  1
  4  0  5
  7  2  3

928
  3  7  6
  4  5  8
  2  0  1

929
  6  4  1
  2  3  0
  8  5  7

930
  4  2  1
  0  7  8
  3  5  6

931
  1  5  0
  6  7  2
  3  8  4

932
  3  5  8
  7  0  1
  2  4  6

933
  0  2  7
  4  8  5
  1  3  6

934
  5  7  8
  3  6  4
  2  0  1

935
  1  4  2
  8  7  5
  3  6  0

936
  3  4  5
  8  2  1
  7  0  6

937
  4  5  2
  8  0  1
  6  3  7

938
  7  2  0
  1  8  6
  3  4  5

939
  1  6  7
  8  4  5
  2  0  3

940
  8  4  6
  0  7  5
  3  2  1

941
  7  1  4
  3  2  6
  5  8  0

942
  5  7  1
  4  3  2
  0  6  8

943
  0  1  5
  2  3  8
  7  4  6

944
  0  7  8
  6  3  4
  1  5  2

945
  1  6  7
  4  0  3
  8  5  2

946
  0  7  5
  8  4  3
  6  1  2

947
  8  1  5
  3  6  7
  4  2  0

948
  3  5  2
  7  8  6
  0  1  4

949
  8  3  0
  5  4  2
  1  7  6

950
  3  6  2
  5  4  0
  1  7  8

951
  4  0  3
  5  7  8
  1  6  2

952
  0  7  3
  8  5  1
  2  4  6

953
  7  1  0
  5  2  8
  3  4  6

954
  1  3  8
  6  5  4
  2  0  7

955
  5  4  8
  1  7  2
  0  6  3

956
  3  6  0
  5  8  4
  1  7  2

957
  7  1  8
  3  4  2
  0  6  5

958
  1  5  0
  2  7  6
  4  8  3

959
  4  2  6
  3  1  8
  5  7  0

960
  2  7  0
  5  8  3
  1  4  6

961
  1  5  6
  7  0  8
  4  2  3

962
  8  6  2
  7  5  0
  4  1  3

963
  8  7  5
  3  4  6
  2  1  0

964
  3  2  1
  5  4  6
  7  8  0

965
  0  7  2
  1  5  4
  8  3  6

966
  4  2  0
  5  6  8
  7  3  1

967
  6  0  8
  2  7  5
  4  3  1

968
  6  3  1
  4  2  7
  8  5  0

969
  0  8  5
  1  7  6
  3  4  2

970
  6  0  2
  1  7  8
  5  3  4

971
  8  3  1
  4  6  2
  5  7  0

972
  2  7  6
  8  1  4
  5  3  0

973
  3  1  2
  5  4  6
  8  7  0

974
  8  4  1
  6  0  3
  7  2  5

975
  3  1  4
  0  7  6
  5  8  2

976
  4  8  7
  3  0  2
  1  6  5

977
  0  7  2
  3  8  6
  4  1  5

978
  7  8  1
  6  5  0
  4  3  2

979
  1  2  3
  4  0  8
  5  7  6

980
  8  1  2
  6  5  7
  0  3  4

981
  0  1  7
  8  2  5
  4  6  3

982
  4  6  0
  5  1  7
  2  3  8

983
  7  2  8
  6  1  0
  3  4  5

984
  6  5  8
  1  4  7
  2  3  0

985
  7  0  8
  6  5  2
  1  3  4

986
  6  7  0
  3  8  5
  2  1  4

987
  3  5  4
  1  7  0
  2  8  6

988
  1  2  0
  3  6  5
  8  7  4

989
  6  0  2
  4  8  1
  3  5  7

990
  5  3  1
  0  4  8
  7  2  6

991
  1  4  7
  5  2  0
  8  3  6

992
  2  0  4
  5  7  1
  3  6  8

993
  6  4  7
  2  8  0
  1  3  5

994
  6  7  4
  5  8  2
  1  3  0

995
  7  4  5
  6  1  3
  0  2  8

996
  1  5  4
  6  7  2
  8  3  0

997
  4  7  6
  2  1  5
  0  3  8

998
  3  2  6
  1  0  5
  7  4  8

999
  2  8  1
  4  5  6
  3  7  0

